Date,close,high,low,open,volumefrom,volumeto,HT_DCPERIOD,HT_DCPHASE,HT_PHASOR_inphase,HT_PHASOR_quadrature,HT_SINE_sine,HT_SINE_leadsine,HT_TRENDMODE,ADX,ADXR,APO,AROON_down,AROON_up,AROONOSC,BOP,CCI,CMO,DX,MACD,MACD_signal,MACD_hist,MFI,MINUS_DI,MINUS_DM,MOM,PPO,ROC,RSI,STOCH_k,STOCH_d,STOCHF_k,STOCHF_d,STOCHRSI_K,STOCHRSI_D,TRIX,ULTOSC,WILLR,BBANDS_upper,BBANDS_middle,BBANDS_lower,DEMA,EMA,HT_TRENDLINE,KAMA,MA,MIDPOINT,WMA,SMA,CDL2CROWS,CDL3BLACKCROWS,CDL3INSIDE,CDL3LINESTRIKE,WCLPRICE,BETA,CORREL,STDDEV,TSF,VAR,ATR,NATR,TRANGE,AD,ADOSC,OBV
2016-04-15 00:00:00+00:00,0.0,0.0,0.0,0.0,0.0,0.0,5.999999579524629,121.75274468077254,0.0,0.0,0.8503270164173301,0.22915376217550754,0,0.0,0.0,0.0,100.0,100.0,0.0,0.0,0.0,0.0,0.0,0.0,0.0,0.0,0.0,0.0,0.0,0.0,0.0,0.0,0.0,0.0,0.0,0.0,0.0,0.0,0.0,0.0,0.0,0.0,0.0,0.0,0.0,0.0,0.0,0.0,0.0,0.0,0.0,0.0,0.0,0,0,0,0,0.0,0.0,0.0,0.0,0.0,0.0,0.0,0.0,0.0,0.0,0.0,0.0
2016-04-16 00:00:00+00:00,0.0,0.0,0.0,0.0,0.0,0.0,5.999999663619671,271.75363504831665,0.0,0.0,-0.9995316513530663,-0.685136778498939,0,0.0,0.0,0.0,100.0,100.0,0.0,0.0,0.0,0.0,0.0,0.0,0.0,0.0,0.0,0.0,0.0,0.0,0.0,0.0,0.0,0.0,0.0,0.0,0.0,0.0,0.0,0.0,0.0,0.0,0.0,0.0,0.0,0.0,0.0,0.0,0.0,0.0,0.0,0.0,0.0,0,0,0,0,0.0,0.0,0.0,0.0,0.0,0.0,0.0,0.0,0.0,0.0,0.0,0.0
2016-04-17 00:00:00+00:00,0.0,0.0,0.0,0.0,0.0,0.0,5.999999730895715,61.754347345104634,0.0,0.0,0.8809266490293524,0.9575494910165742,0,0.0,0.0,0.0,100.0,100.0,0.0,0.0,0.0,0.0,0.0,0.0,0.0,0.0,0.0,0.0,0.0,0.0,0.0,0.0,0.0,0.0,0.0,0.0,0.0,0.0,0.0,0.0,0.0,0.0,0.0,0.0,0.0,0.0,0.0,0.0,0.0,0.0,0.0,0.0,0.0,0,0,0,0,0.0,0.0,0.0,0.0,0.0,0.0,0.0,0.0,0.0,0.0,0.0,0.0
2016-04-18 00:00:00+00:00,0.0,0.0,0.0,0.0,0.0,0.0,5.999999784716558,211.75491718444266,0.0,0.0,-0.5262868998419367,-0.973398925095978,0,0.0,0.0,0.0,100.0,100.0,0.0,0.0,0.0,0.0,0.0,0.0,0.0,0.0,0.0,0.0,0.0,0.0,0.0,0.0,0.0,0.0,0.0,0.0,0.0,0.0,0.0,0.0,0.0,0.0,0.0,0.0,0.0,0.0,0.0,0.0,0.0,0.0,0.0,0.0,0.0,0,0,0,0,0.0,0.0,0.0,0.0,0.0,0.0,0.0,0.0,0.0,0.0,0.0,0.0
2016-04-19 00:00:00+00:00,0.0,0.0,0.0,0.0,0.0,0.0,5.999999827773237,1.7553730572317932,0.0,0.0,0.03063224687629307,0.72843522145458,0,0.0,0.0,0.0,100.0,100.0,0.0,0.0,0.0,0.0,0.0,0.0,0.0,0.0,0.0,0.0,0.0,0.0,0.0,0.0,0.0,0.0,0.0,0.0,0.0,0.0,0.0,0.0,0.0,0.0,0.0,0.0,0.0,0.0,0.0,0.0,0.0,0.0,0.0,0.0,0.0,0,0,0,0,0.0,0.0,0.0,0.0,0.0,0.0,0.0,0.0,0.0,0.0,0.0,0.0
2016-04-20 00:00:00+00:00,0.0,0.0,0.0,0.0,0.0,0.0,5.9999998622185835,151.7557377563726,0.0,0.0,0.47323144999913297,-0.28829216050901063,0,0.0,0.0,0.0,100.0,100.0,0.0,0.0,0.0,0.0,0.0,0.0,0.0,0.0,0.0,0.0,0.0,0.0,0.0,0.0,0.0,0.0,0.0,0.0,0.0,0.0,0.0,0.0,0.0,0.0,0.0,0.0,0.0,0.0,0.0,0.0,0.0,0.0,0.0,0.0,0.0,0,0,0,0,0.0,0.0,0.0,0.0,0.0,0.0,0.0,0.0,0.0,0.0,0.0,0.0
2016-04-21 00:00:00+00:00,0.0,0.0,0.0,0.0,0.0,0.0,5.9999998897748625,301.7560295163113,0.0,0.0,-0.850296844211186,-0.22909795617293316,0,0.0,0.0,0.0,100.0,100.0,0.0,0.0,0.0,0.0,0.0,0.0,0.0,0.0,0.0,0.0,0.0,0.0,0.0,0.0,0.0,0.0,0.0,0.0,0.0,0.0,0.0,0.0,0.0,0.0,0.0,0.0,0.0,0.0,0.0,0.0,0.0,0.0,0.0,0.0,0.0,0,0,0,0,0.0,0.0,0.0,0.0,0.0,0.0,0.0,0.0,0.0,0.0,0.0,0.0
2016-04-22 00:00:00+00:00,0.0,0.0,0.0,0.0,0.0,0.0,5.999999911819888,91.75626292469224,0.0,0.0,0.9995302467414587,0.6851033689808179,0,0.0,0.0,0.0,100.0,100.0,0.0,0.0,0.0,0.0,0.0,0.0,0.0,0.0,0.0,0.0,0.0,0.0,0.0,0.0,0.0,0.0,0.0,0.0,0.0,0.0,0.0,0.0,0.0,0.0,0.0,0.0,0.0,0.0,0.0,0.0,0.0,0.0,0.0,0.0,0.0,0,0,0,0,0.0,0.0,0.0,0.0,0.0,0.0,0.0,0.0,0.0,0.0,0.0,0.0
2016-04-23 00:00:00+00:00,0.0,0.0,0.0,0.0,0.0,0.0,5.9999999294559085,241.75644965169195,0.0,0.0,-0.8809440131104251,-0.9575389131591191,0,0.0,0.0,0.0,100.0,100.0,0.0,0.0,0.0,0.0,0.0,0.0,0.0,0.0,0.0,0.0,0.0,0.0,0.0,0.0,0.0,0.0,0.0,0.0,0.0,0.0,0.0,0.0,0.0,0.0,0.0,0.0,0.0,0.0,0.0,0.0,0.0,0.0,0.0,0.0,0.0,0,0,0,0,0.0,0.0,0.0,0.0,0.0,0.0,0.0,0.0,0.0,0.0,0.0,0.0
2016-04-24 00:00:00+00:00,0.0,0.0,0.0,0.0,0.0,0.0,5.999999943564726,31.75659903349367,0.0,0.0,0.5263118593615658,0.9734056501277062,0,0.0,0.0,0.0,100.0,100.0,0.0,0.0,0.0,0.0,0.0,0.0,0.0,0.0,0.0,0.0,0.0,0.0,0.0,0.0,0.0,0.0,0.0,0.0,0.0,0.0,0.0,0.0,0.0,0.0,0.0,0.0,0.0,0.0,0.0,0.0,0.0,0.0,0.0,0.0,0.0,0,0,0,0,0.0,0.0,0.0,0.0,0.0,0.0,0.0,0.0,0.0,0.0,0.0,0.0
2016-04-25 00:00:00+00:00,0.0,0.0,0.0,0.0,0.0,0.0,5.999999954851781,181.75671853907318,0.0,0.0,-0.030655718935920284,-0.7284513098622154,0,0.0,0.0,0.0,100.0,100.0,0.0,0.0,0.0,0.0,0.0,0.0,0.0,0.0,0.0,0.0,0.0,0.0,0.0,0.0,0.0,0.0,0.0,0.0,0.0,0.0,0.0,0.0,0.0,0.0,0.0,0.0,0.0,0.0,0.0,0.0,0.0,0.0,0.0,0.0,0.0,0,0,0,0,0.0,0.0,0.0,0.0,0.0,0.0,0.0,0.0,0.0,0.0,0.0,0.0
2016-04-26 00:00:00+00:00,0.0,0.0,0.0,0.0,0.0,0.0,5.999999963881425,-28.243185856368882,0.0,0.0,-0.47321490016989626,0.2883101493318385,0,0.0,0.0,0.0,100.0,100.0,0.0,0.0,0.0,0.0,0.0,0.0,0.0,0.0,0.0,0.0,0.0,0.0,0.0,0.0,0.0,0.0,0.0,0.0,0.0,0.0,0.0,0.0,0.0,0.0,0.0,0.0,0.0,0.0,0.0,0.0,0.0,0.0,0.0,0.0,0.0,0,0,0,0,0.0,0.0,0.0,0.0,0.0,0.0,0.0,0.0,0.0,0.0,0.0,0.0
2016-04-27 00:00:00+00:00,0.0,0.0,0.0,0.0,0.0,0.0,5.99999997110514,121.75689062734178,0.0,0.0,0.8502889341840325,0.22908332665098388,0,0.0,0.0,0.0,100.0,100.0,0.0,0.0,0.0,0.0,0.0,0.0,0.0,0.0,0.0,0.0,0.0,0.0,0.0,0.0,0.0,0.0,0.0,0.0,0.0,0.0,0.0,0.0,0.0,0.0,0.0,0.0,0.0,0.0,0.0,0.0,0.0,0.0,0.0,0.0,0.0,0,0,0,0,0.0,0.0,0.0,0.0,0.0,0.0,0.0,0.0,0.0,0.0,0.0,0.0
2016-04-28 00:00:00+00:00,0.0,0.0,0.0,0.0,0.0,0.0,5.999999976884112,271.7569518143541,0.0,0.0,-0.9995298781790266,-0.685094610540579,0,0.0,0.0,0.0,100.0,100.0,0.0,0.0,0.0,0.0,0.0,0.0,0.0,0.0,0.0,0.0,0.0,0.0,0.0,0.0,0.0,0.0,0.0,0.0,0.0,0.0,0.0,0.0,0.0,0.0,0.0,0.0,0.0,0.0,0.0,0.0,0.0,0.0,0.0,0.0,0.0,0,0,0,0,0.0,0.0,0.0,0.0,0.0,0.0,0.0,0.0,0.0,0.0,0.0,0.0
2016-04-29 00:00:00+00:00,0.0,0.0,0.0,0.0,0.0,0.0,5.99999998150729,61.75700076399386,0.0,0.0,0.8809485648471981,0.9575361399976002,0,0.0,0.0,0.0,100.0,100.0,0.0,0.0,0.0,0.0,0.0,0.0,0.0,0.0,0.0,0.0,0.0,0.0,0.0,0.0,0.0,0.0,0.0,0.0,0.0,0.0,0.0,0.0,0.0,0.0,0.0,0.0,0.0,0.0,0.0,0.0,0.0,0.0,0.0,0.0,0.0,0,0,0,0,0.0,0.0,0.0,0.0,0.0,0.0,0.0,0.0,0.0,0.0,0.0,0.0
2016-04-30 00:00:00+00:00,0.0,0.0,0.0,0.0,0.0,0.0,5.999999985205832,211.75703992372593,0.0,0.0,-0.5263184023282034,-0.9734074129300431,0,0.0,0.0,0.0,100.0,100.0,0.0,0.0,0.0,0.0,0.0,0.0,0.0,0.0,0.0,0.0,0.0,0.0,0.0,0.0,0.0,0.0,0.0,0.0,0.0,0.0,0.0,0.0,0.0,0.0,0.0,0.0,0.0,0.0,0.0,0.0,0.0,0.0,0.0,0.0,0.0,0,0,0,0,0.0,0.0,0.0,0.0,0.0,0.0,0.0,0.0,0.0,0.0,0.0,0.0
2016-05-01 00:00:00+00:00,0.0,0.0,0.0,0.0,0.0,0.0,5.999999988164666,1.7570712515253604,0.0,0.0,0.030661872035644445,0.7284555273047107,0,0.0,0.0,0.0,100.0,100.0,0.0,0.0,0.0,0.0,0.0,0.0,0.0,0.0,0.0,0.0,0.0,0.0,0.0,0.0,0.0,0.0,0.0,0.0,0.0,0.0,0.0,0.0,0.0,0.0,0.0,0.0,0.0,0.0,0.0,0.0,0.0,0.0,0.0,0.0,0.0,0,0,0,0,0.0,0.0,0.0,0.0,0.0,0.0,0.0,0.0,0.0,0.0,0.0,0.0
2016-05-02 00:00:00+00:00,0.0,0.0,0.0,0.0,0.0,0.0,5.999999990531734,151.75709631377424,0.0,0.0,0.4732105616779758,-0.2883148650050806,0,0.0,0.0,0.0,100.0,100.0,0.0,0.0,0.0,0.0,0.0,0.0,0.0,0.0,0.0,0.0,0.0,0.0,0.0,0.0,0.0,0.0,0.0,0.0,0.0,0.0,0.0,0.0,0.0,0.0,0.0,0.0,0.0,0.0,0.0,0.0,0.0,0.0,0.0,0.0,0.0,0,0,0,0,0.0,0.0,0.0,0.0,0.0,0.0,0.0,0.0,0.0,0.0,0.0,0.0
2016-05-03 00:00:00+00:00,0.0,0.0,0.0,0.0,0.0,0.0,5.999999992425387,301.7571163635797,0.0,0.0,-0.8502868605755561,-0.22907949158151808,0,0.0,0.0,0.0,100.0,100.0,0.0,0.0,0.0,0.0,0.0,0.0,0.0,0.0,0.0,0.0,0.0,0.0,0.0,0.0,0.0,0.0,0.0,0.0,0.0,0.0,0.0,0.0,0.0,0.0,0.0,0.0,0.0,0.0,0.0,0.0,0.0,0.0,0.0,0.0,0.0,0,0,0,0,0.0,0.0,0.0,0.0,0.0,0.0,0.0,0.0,0.0,0.0,0.0,0.0
2016-05-04 00:00:00+00:00,0.0,0.0,0.0,0.0,0.0,0.0,5.9999999939403095,91.75713240342839,0.0,0.0,0.9995297815382737,0.6850923145416848,0,0.0,0.0,0.0,100.0,100.0,0.0,0.0,0.0,0.0,0.0,0.0,0.0,0.0,0.0,0.0,0.0,0.0,0.0,0.0,0.0,0.0,0.0,0.0,0.0,0.0,0.0,0.0,0.0,0.0,0.0,0.0,0.0,0.0,0.0,0.0,0.0,0.0,0.0,0.0,0.0,0,0,0,0,0.0,0.0,0.0,0.0,0.0,0.0,0.0,0.0,0.0,0.0,0.0,0.0
2016-05-05 00:00:00+00:00,0.0,0.0,0.0,0.0,0.0,0.0,5.999999995152248,241.75714523531025,0.0,0.0,-0.8809497580486022,-0.9575354130126085,0,0.0,0.0,0.0,100.0,100.0,0.0,0.0,0.0,0.0,0.0,0.0,0.0,0.0,0.0,0.0,0.0,0.0,0.0,0.0,0.0,0.0,0.0,0.0,0.0,0.0,0.0,0.0,0.0,0.0,0.0,0.0,0.0,0.0,0.0,0.0,0.0,0.0,0.0,0.0,0.0,0,0,0,0,0.0,0.0,0.0,0.0,0.0,0.0,0.0,0.0,0.0,0.0,0.0,0.0
2016-05-06 00:00:00+00:00,0.0,0.0,0.0,0.0,0.0,0.0,5.999999996121798,31.757155500817703,0.0,0.0,0.526320117527877,0.973407875030014,0,0.0,0.0,0.0,100.0,100.0,0.0,0.0,0.0,0.0,0.0,0.0,0.0,0.0,0.0,0.0,0.0,0.0,0.0,0.0,0.0,0.0,0.0,0.0,0.0,0.0,0.0,0.0,0.0,0.0,0.0,0.0,0.0,0.0,0.0,0.0,0.0,0.0,0.0,0.0,0.0,0,0,0,0,0.0,0.0,0.0,0.0,0.0,0.0,0.0,0.0,0.0,0.0,0.0,0.0
2016-05-07 00:00:00+00:00,0.0,0.0,0.0,0.0,0.0,0.0,5.999999996897439,181.757163713225,0.0,0.0,-0.030663485037927776,-0.7284566328803376,0,0.0,0.0,0.0,100.0,100.0,0.0,0.0,0.0,0.0,0.0,0.0,0.0,0.0,0.0,0.0,0.0,0.0,0.0,0.0,0.0,0.0,0.0,0.0,0.0,0.0,0.0,0.0,0.0,0.0,0.0,0.0,0.0,0.0,0.0,0.0,0.0,0.0,0.0,0.0,0.0,0,0,0,0,0.0,0.0,0.0,0.0,0.0,0.0,0.0,0.0,0.0,0.0,0.0,0.0
2016-05-08 00:00:00+00:00,0.0,0.0,0.0,0.0,0.0,0.0,5.999999997517952,-28.24282971684829,0.0,0.0,-0.4732094243638759,0.28831610119216866,0,0.0,0.0,0.0,100.0,100.0,0.0,0.0,0.0,0.0,0.0,0.0,0.0,0.0,0.0,0.0,0.0,0.0,0.0,0.0,0.0,0.0,0.0,0.0,0.0,0.0,0.0,0.0,0.0,0.0,0.0,0.0,0.0,0.0,0.0,0.0,0.0,0.0,0.0,0.0,0.0,0,0,0,0,0.0,0.0,0.0,0.0,0.0,0.0,0.0,0.0,0.0,0.0,0.0,0.0
2016-05-09 00:00:00+00:00,0.0,0.0,0.0,0.0,0.0,0.0,5.999999998014362,121.75717553909371,0.0,0.0,0.850286316988308,0.2290784862385495,0,0.0,0.0,0.0,100.0,100.0,0.0,0.0,0.0,0.0,0.0,0.0,0.0,0.0,0.0,0.0,0.0,0.0,0.0,0.0,0.0,0.0,0.0,0.0,0.0,0.0,0.0,0.0,0.0,0.0,0.0,0.0,0.0,0.0,0.0,0.0,0.0,0.0,0.0,0.0,0.0,0,0,0,0,0.0,0.0,0.0,0.0,0.0,0.0,0.0,0.0,0.0,0.0,0.0,0.0
2016-05-10 00:00:00+00:00,0.0,0.0,0.0,0.0,0.0,0.0,5.99999999841149,271.7571797438477,0.0,0.0,-0.9995297562027962,-0.6850917126572453,0,0.0,0.0,0.0,100.0,100.0,0.0,0.0,0.0,0.0,0.0,0.0,0.0,0.0,0.0,0.0,0.0,0.0,0.0,0.0,0.0,0.0,0.0,0.0,0.0,0.0,0.0,0.0,0.0,0.0,0.0,0.0,0.0,0.0,0.0,0.0,0.0,0.0,0.0,0.0,0.0,0,0,0,0,0.0,0.0,0.0,0.0,0.0,0.0,0.0,0.0,0.0,0.0,0.0,0.0
2016-05-11 00:00:00+00:00,0.0,0.0,0.0,0.0,0.0,0.0,5.999999998729193,61.7571831076512,0.0,0.0,0.8809500708386954,0.9575352224365851,0,0.0,0.0,0.0,100.0,100.0,0.0,0.0,0.0,0.0,0.0,0.0,0.0,0.0,0.0,0.0,0.0,0.0,0.0,0.0,0.0,0.0,0.0,0.0,0.0,0.0,0.0,0.0,0.0,0.0,0.0,0.0,0.0,0.0,0.0,0.0,0.0,0.0,0.0,0.0,0.0,0,0,0,0,0.0,0.0,0.0,0.0,0.0,0.0,0.0,0.0,0.0,0.0,0.0,0.0
2016-05-12 00:00:00+00:00,0.0,0.0,0.0,0.0,0.0,0.0,5.9999999989833555,211.75718579869417,0.0,0.0,-0.5263205671573501,-0.973407996166235,0,0.0,0.0,0.0,100.0,100.0,0.0,0.0,0.0,0.0,0.0,0.0,0.0,0.0,0.0,0.0,0.0,0.0,0.0,0.0,0.0,0.0,0.0,0.0,0.0,0.0,0.0,0.0,0.0,0.0,0.0,0.0,0.0,0.0,0.0,0.0,0.0,0.0,0.0,0.0,0.0,0,0,0,0,0.0,0.0,0.0,0.0,0.0,0.0,0.0,0.0,0.0,0.0,0.0,0.0
2016-05-13 00:00:00+00:00,0.0,0.0,0.0,0.0,0.0,0.0,5.999999999186685,1.7571879515286923,0.0,0.0,0.0306639078772021,0.7284569227003267,0,0.0,0.0,0.0,100.0,100.0,0.0,0.0,0.0,0.0,0.0,0.0,0.0,0.0,0.0,0.0,0.0,0.0,0.0,0.0,0.0,0.0,0.0,0.0,0.0,0.0,0.0,0.0,0.0,0.0,0.0,0.0,0.0,0.0,0.0,0.0,0.0,0.0,0.0,0.0,0.0,0,0,0,0,0.0,0.0,0.0,0.0,0.0,0.0,0.0,0.0,0.0,0.0,0.0,0.0
2016-05-14 00:00:00+00:00,0.0,0.0,0.0,0.0,0.0,0.0,5.999999999349349,151.75718967379638,0.0,0.0,0.47320912622342953,-0.2883164252513874,0,0.0,0.0,0.0,100.0,100.0,0.0,0.0,0.0,0.0,0.0,0.0,0.0,0.0,0.0,0.0,0.0,0.0,0.0,0.0,0.0,0.0,0.0,0.0,0.0,0.0,0.0,0.0,0.0,0.0,0.0,0.0,0.0,0.0,0.0,0.0,0.0,0.0,0.0,0.0,0.0,0,0,0,0,0.0,0.0,0.0,0.0,0.0,0.0,0.0,0.0,0.0,0.0,0.0,0.0
2016-05-15 00:00:00+00:00,0.0,0.0,0.0,0.0,0.0,0.0,5.9999999994794795,301.75719105161056,0.0,0.0,-0.8502861744899225,-0.22907822269369701,0,0.0,0.0,0.0,100.0,100.0,0.0,0.0,0.0,0.0,0.0,0.0,0.0,0.0,0.0,0.0,0.0,0.0,0.0,0.0,0.0,0.0,0.0,0.0,0.0,0.0,0.0,0.0,0.0,0.0,0.0,0.0,0.0,0.0,0.0,0.0,0.0,0.0,0.0,0.0,0.0,0,0,0,0,0.0,0.0,0.0,0.0,0.0,0.0,0.0,0.0,0.0,0.0,0.0,0.0
2016-05-16 00:00:00+00:00,0.0,0.0,0.0,0.0,0.0,0.0,5.999999999583585,91.75719215386198,0.0,0.0,0.9995297495611359,0.6850915548766796,0,0.0,0.0,0.0,100.0,100.0,0.0,0.0,0.0,0.0,0.0,0.0,0.0,0.0,0.0,0.0,0.0,0.0,0.0,0.0,0.0,0.0,0.0,0.0,0.0,0.0,0.0,0.0,0.0,0.0,0.0,0.0,0.0,0.0,0.0,0.0,0.0,0.0,0.0,0.0,0.0,0,0,0,0,0.0,0.0,0.0,0.0,0.0,0.0,0.0,0.0,0.0,0.0,0.0,0.0
2016-05-17 00:00:00+00:00,0.0,0.0,0.0,0.0,0.0,0.0,5.999999999666868,241.7571930356631,0.0,0.0,-0.880950152834719,-0.9575351724781298,0,0.0,0.0,0.0,100.0,100.0,0.0,0.0,0.0,0.0,0.0,0.0,0.0,0.0,0.0,0.0,0.0,0.0,0.0,0.0,0.0,0.0,0.0,0.0,0.0,0.0,0.0,0.0,0.0,0.0,0.0,0.0,0.0,0.0,0.0,0.0,0.0,0.0,0.0,0.0,0.0,0,0,0,0,0.0,0.0,0.0,0.0,0.0,0.0,0.0,0.0,0.0,0.0,0.0,0.0
2016-05-18 00:00:00+00:00,0.0,0.0,0.0,0.0,0.0,0.0,5.999999999733495,31.75719374110406,0.0,0.0,0.5263206850250443,0.9734080279213366,0,0.0,0.0,0.0,100.0,100.0,0.0,0.0,0.0,0.0,0.0,0.0,0.0,0.0,0.0,0.0,0.0,0.0,0.0,0.0,0.0,0.0,0.0,0.0,0.0,0.0,0.0,0.0,0.0,0.0,0.0,0.0,0.0,0.0,0.0,0.0,0.0,0.0,0.0,0.0,0.0,0,0,0,0,0.0,0.0,0.0,0.0,0.0,0.0,0.0,0.0,0.0,0.0,0.0,0.0
2016-05-19 00:00:00+00:00,0.0,0.0,0.0,0.0,0.0,0.0,5.999999999786796,181.7571943054568,0.0,0.0,-0.03066401872201858,-0.7284569986749031,0,0.0,0.0,0.0,100.0,100.0,0.0,0.0,0.0,0.0,0.0,0.0,0.0,0.0,0.0,0.0,0.0,0.0,0.0,0.0,0.0,0.0,0.0,0.0,0.0,0.0,0.0,0.0,0.0,0.0,0.0,0.0,0.0,0.0,0.0,0.0,0.0,0.0,0.0,0.0,0.0,0,0,0,0,0.0,0.0,0.0,0.0,0.0,0.0,0.0,0.0,0.0,0.0,0.0,0.0
2016-05-20 00:00:00+00:00,0.0,0.0,0.0,0.0,0.0,0.0,5.999999999829438,-28.242805243061014,0.0,0.0,-0.4732090480676687,0.28831651020158644,0,0.0,0.0,0.0,100.0,100.0,0.0,0.0,0.0,0.0,0.0,0.0,0.0,0.0,0.0,0.0,0.0,0.0,0.0,0.0,0.0,0.0,0.0,0.0,0.0,0.0,0.0,0.0,0.0,0.0,0.0,0.0,0.0,0.0,0.0,0.0,0.0,0.0,0.0,0.0,0.0,0,0,0,0,0.0,0.0,0.0,0.0,0.0,0.0,0.0,0.0,0.0,0.0,0.0,0.0
2016-05-21 00:00:00+00:00,0.0,0.0,0.0,0.0,0.0,0.0,5.999999999863551,121.75719511812474,0.0,0.0,0.8502861371348064,0.22907815360697562,0,0.0,0.0,0.0,100.0,100.0,0.0,0.0,0.0,0.0,0.0,0.0,0.0,0.0,0.0,0.0,0.0,0.0,0.0,0.0,0.0,0.0,0.0,0.0,0.0,0.0,0.0,0.0,0.0,0.0,0.0,0.0,0.0,0.0,0.0,0.0,0.0,0.0,0.0,0.0,0.0,0,0,0,0,0.0,0.0,0.0,0.0,0.0,0.0,0.0,0.0,0.0,0.0,0.0,0.0
2016-05-22 00:00:00+00:00,0.0,0.0,0.0,0.0,0.0,0.0,5.999999999890841,271.75719540707337,0.0,0.0,-0.9995297478200564,-0.6850915135154383,0,0.0,0.0,0.0,100.0,100.0,0.0,0.0,0.0,0.0,0.0,0.0,0.0,0.0,0.0,0.0,0.0,0.0,0.0,0.0,0.0,0.0,0.0,0.0,0.0,0.0,0.0,0.0,0.0,0.0,0.0,0.0,0.0,0.0,0.0,0.0,0.0,0.0,0.0,0.0,0.0,0,0,0,0,0.0,0.0,0.0,0.0,0.0,0.0,0.0,0.0,0.0,0.0,0.0,0.0
2016-05-23 00:00:00+00:00,0.0,0.0,0.0,0.0,0.0,0.0,5.9999999999126725,61.75719563823225,0.0,0.0,0.8809501743294833,0.9575351593818138,0,0.0,0.0,0.0,100.0,100.0,0.0,0.0,0.0,0.0,0.0,0.0,0.0,0.0,0.0,0.0,0.0,0.0,0.0,0.0,0.0,0.0,0.0,0.0,0.0,0.0,0.0,0.0,0.0,0.0,0.0,0.0,0.0,0.0,0.0,0.0,0.0,0.0,0.0,0.0,0.0,0,0,0,0,0.0,0.0,0.0,0.0,0.0,0.0,0.0,0.0,0.0,0.0,0.0,0.0
2016-05-24 00:00:00+00:00,0.0,0.0,0.0,0.0,0.0,0.0,5.9999999999301386,211.75719582315935,0.0,0.0,-0.526320715923354,-0.9734080362457437,0,0.0,0.0,0.0,100.0,100.0,0.0,0.0,0.0,0.0,0.0,0.0,0.0,0.0,0.0,0.0,0.0,0.0,0.0,0.0,0.0,0.0,0.0,0.0,0.0,0.0,0.0,0.0,0.0,0.0,0.0,0.0,0.0,0.0,0.0,0.0,0.0,0.0,0.0,0.0,0.0,0,0,0,0,0.0,0.0,0.0,0.0,0.0,0.0,0.0,0.0,0.0,0.0,0.0,0.0
2016-05-25 00:00:00+00:00,0.0,0.0,0.0,0.0,0.0,0.0,5.999999999944112,1.757195971101055,0.0,0.0,0.030664047779324455,0.7284570185911822,0,0.0,0.0,0.0,100.0,100.0,0.0,0.0,0.0,0.0,0.0,0.0,0.0,0.0,0.0,0.0,0.0,0.0,0.0,0.0,0.0,0.0,0.0,0.0,0.0,0.0,0.0,0.0,0.0,0.0,0.0,0.0,0.0,0.0,0.0,0.0,0.0,0.0,0.0,0.0,0.0,0,0,0,0,0.0,0.0,0.0,0.0,0.0,0.0,0.0,0.0,0.0,0.0,0.0,0.0
2016-05-26 00:00:00+00:00,0.0,0.0,0.0,0.0,0.0,0.0,5.999999999955291,151.7571960894544,0.0,0.0,0.47320902757960326,-0.2883165324707722,0,0.0,0.0,0.0,100.0,100.0,0.0,0.0,0.0,0.0,0.0,0.0,0.0,0.0,0.0,0.0,0.0,0.0,0.0,0.0,0.0,0.0,0.0,0.0,0.0,0.0,0.0,0.0,0.0,0.0,0.0,0.0,0.0,0.0,0.0,0.0,0.0,0.0,0.0,0.0,0.0,0,0,0,0,0.0,0.0,0.0,0.0,0.0,0.0,0.0,0.0,0.0,0.0,0.0,0.0
2016-05-27 00:00:00+00:00,0.0,0.0,0.0,0.0,0.0,0.0,5.999999999964233,301.75719618413706,0.0,0.0,-0.8502861273423857,-0.22907813549630535,0,0.0,0.0,0.0,100.0,100.0,0.0,0.0,0.0,0.0,0.0,0.0,0.0,0.0,0.0,0.0,0.0,0.0,0.0,0.0,0.0,0.0,0.0,0.0,0.0,0.0,0.0,0.0,0.0,0.0,0.0,0.0,0.0,0.0,0.0,0.0,0.0,0.0,0.0,0.0,0.0,0,0,0,0,0.0,0.0,0.0,0.0,0.0,0.0,0.0,0.0,0.0,0.0,0.0,0.0
2016-05-28 00:00:00+00:00,0.0,0.0,0.0,0.0,0.0,0.0,5.999999999971386,91.75719625988319,0.0,0.0,0.9995297473636424,0.6850915026728366,0,0.0,0.0,0.0,100.0,100.0,0.0,0.0,0.0,0.0,0.0,0.0,0.0,0.0,0.0,0.0,0.0,0.0,0.0,0.0,0.0,0.0,0.0,0.0,0.0,0.0,0.0,0.0,0.0,0.0,0.0,0.0,0.0,0.0,0.0,0.0,0.0,0.0,0.0,0.0,0.0,0,0,0,0,0.0,0.0,0.0,0.0,0.0,0.0,0.0,0.0,0.0,0.0,0.0,0.0
2016-05-29 00:00:00+00:00,0.0,0.0,0.0,0.0,0.0,0.0,5.99999999997711,241.7571963204801,0.0,0.0,-0.8809501799642062,-0.9575351559486931,0,0.0,0.0,0.0,100.0,100.0,0.0,0.0,0.0,0.0,0.0,0.0,0.0,0.0,0.0,0.0,0.0,0.0,0.0,0.0,0.0,0.0,0.0,0.0,0.0,0.0,0.0,0.0,0.0,0.0,0.0,0.0,0.0,0.0,0.0,0.0,0.0,0.0,0.0,0.0,0.0,0,0,0,0,0.0,0.0,0.0,0.0,0.0,0.0,0.0,0.0,0.0,0.0,0.0,0.0
2016-05-30 00:00:00+00:00,0.0,0.0,0.0,0.0,0.0,0.0,5.999999999981689,31.757196368957636,0.0,0.0,0.5263207240231604,0.9734080384279368,0,0.0,0.0,0.0,100.0,100.0,0.0,0.0,0.0,0.0,0.0,0.0,0.0,0.0,0.0,0.0,0.0,0.0,0.0,0.0,0.0,0.0,0.0,0.0,0.0,0.0,0.0,0.0,0.0,0.0,0.0,0.0,0.0,0.0,0.0,0.0,0.0,0.0,0.0,0.0,0.0,0,0,0,0,0.0,0.0,0.0,0.0,0.0,0.0,0.0,0.0,0.0,0.0,0.0,0.0
2016-05-31 00:00:00+00:00,0.0,0.0,0.0,0.0,0.0,0.0,5.999999999985352,181.75719640773966,0.0,0.0,-0.030664055396521835,-0.7284570238121146,0,0.0,0.0,0.0,100.0,100.0,0.0,0.0,0.0,0.0,0.0,0.0,0.0,0.0,0.0,0.0,0.0,0.0,0.0,0.0,0.0,0.0,0.0,0.0,0.0,0.0,0.0,0.0,0.0,0.0,0.0,0.0,0.0,0.0,0.0,0.0,0.0,0.0,0.0,0.0,0.0,0,0,0,0,0.0,0.0,0.0,0.0,0.0,0.0,0.0,0.0,0.0,0.0,0.0,0.0
2016-06-01 00:00:00+00:00,0.0,0.0,0.0,0.0,0.0,0.0,5.999999999988282,-28.242803561234723,0.0,0.0,-0.4732090222087804,0.2883165383085049,0,0.0,0.0,0.0,100.0,100.0,0.0,0.0,0.0,0.0,0.0,0.0,0.0,0.0,0.0,0.0,0.0,0.0,0.0,0.0,0.0,0.0,0.0,0.0,0.0,0.0,0.0,0.0,0.0,0.0,0.0,0.0,0.0,0.0,0.0,0.0,0.0,0.0,0.0,0.0,0.0,0,0,0,0,0.0,0.0,0.0,0.0,0.0,0.0,0.0,0.0,0.0,0.0,0.0,0.0
2016-06-02 00:00:00+00:00,0.0,0.0,0.0,0.0,0.0,0.0,5.999999999990626,121.75719646358576,0.0,0.0,0.8502861247753619,0.22907813074870273,0,0.0,0.0,0.0,100.0,100.0,0.0,0.0,0.0,0.0,0.0,0.0,0.0,0.0,0.0,0.0,0.0,0.0,0.0,0.0,0.0,0.0,0.0,0.0,0.0,0.0,0.0,0.0,0.0,0.0,0.0,0.0,0.0,0.0,0.0,0.0,0.0,0.0,0.0,0.0,0.0,0,0,0,0,0.0,0.0,0.0,0.0,0.0,0.0,0.0,0.0,0.0,0.0,0.0,0.0
2016-06-03 00:00:00+00:00,0.0,0.0,0.0,0.0,0.0,0.0,5.999999999992502,271.75719648344216,0.0,0.0,-0.9995297472439961,-0.6850914998305138,0,0.0,0.0,0.0,100.0,100.0,0.0,0.0,0.0,0.0,0.0,0.0,0.0,0.0,0.0,0.0,0.0,0.0,0.0,0.0,0.0,0.0,0.0,0.0,0.0,0.0,0.0,0.0,0.0,0.0,0.0,0.0,0.0,0.0,0.0,0.0,0.0,0.0,0.0,0.0,0.0,0,0,0,0,0.0,0.0,0.0,0.0,0.0,0.0,0.0,0.0,0.0,0.0,0.0,0.0
2016-06-04 00:00:00+00:00,0.0,0.0,0.0,0.0,0.0,0.0,5.999999999994003,61.75719649932728,0.0,0.0,0.8809501814413151,0.957535155048721,0,0.0,0.0,0.0,100.0,100.0,0.0,0.0,0.0,0.0,0.0,0.0,0.0,0.0,0.0,0.0,0.0,0.0,0.0,0.0,0.0,0.0,0.0,0.0,0.0,0.0,0.0,0.0,0.0,0.0,0.0,0.0,0.0,0.0,0.0,0.0,0.0,0.0,0.0,0.0,0.0,0,0,0,0,0.0,0.0,0.0,0.0,0.0,0.0,0.0,0.0,0.0,0.0,0.0,0.0
2016-06-05 00:00:00+00:00,0.0,0.0,0.0,0.0,0.0,0.0,5.999999999995203,211.75719651203534,0.0,0.0,-0.5263207261464755,-0.9734080389999853,0,0.0,0.0,0.0,100.0,100.0,0.0,0.0,0.0,0.0,0.0,0.0,0.0,0.0,0.0,0.0,0.0,0.0,0.0,0.0,0.0,0.0,0.0,0.0,0.0,0.0,0.0,0.0,0.0,0.0,0.0,0.0,0.0,0.0,0.0,0.0,0.0,0.0,0.0,0.0,0.0,0,0,0,0,0.0,0.0,0.0,0.0,0.0,0.0,0.0,0.0,0.0,0.0,0.0,0.0
2016-06-06 00:00:00+00:00,0.0,0.0,0.0,0.0,0.0,0.0,5.999999999996163,1.7571965222017525,0.0,0.0,0.030664057393323004,0.7284570251807497,0,0.0,0.0,0.0,100.0,100.0,0.0,0.0,0.0,0.0,0.0,0.0,0.0,0.0,0.0,0.0,0.0,0.0,0.0,0.0,0.0,0.0,0.0,0.0,0.0,0.0,0.0,0.0,0.0,0.0,0.0,0.0,0.0,0.0,0.0,0.0,0.0,0.0,0.0,0.0,0.0,0,0,0,0,0.0,0.0,0.0,0.0,0.0,0.0,0.0,0.0,0.0,0.0,0.0,0.0
2016-06-07 00:00:00+00:00,0.0,0.0,0.0,0.0,0.0,0.0,5.9999999999969305,151.7571965303349,0.0,0.0,0.4732090208008534,-0.2883165398388294,0,0.0,0.0,0.0,100.0,100.0,0.0,0.0,0.0,0.0,0.0,0.0,0.0,0.0,0.0,0.0,0.0,0.0,0.0,0.0,0.0,0.0,0.0,0.0,0.0,0.0,0.0,0.0,0.0,0.0,0.0,0.0,0.0,0.0,0.0,0.0,0.0,0.0,0.0,0.0,0.0,0,0,0,0,0.0,0.0,0.0,0.0,0.0,0.0,0.0,0.0,0.0,0.0,0.0,0.0
2016-06-08 00:00:00+00:00,0.0,0.0,0.0,0.0,0.0,0.0,5.999999999997545,301.75719653684143,0.0,0.0,-0.8502861241024329,-0.22907812950414883,0,0.0,0.0,0.0,100.0,100.0,0.0,0.0,0.0,0.0,0.0,0.0,0.0,0.0,0.0,0.0,0.0,0.0,0.0,0.0,0.0,0.0,0.0,0.0,0.0,0.0,0.0,0.0,0.0,0.0,0.0,0.0,0.0,0.0,0.0,0.0,0.0,0.0,0.0,0.0,0.0,0,0,0,0,0.0,0.0,0.0,0.0,0.0,0.0,0.0,0.0,0.0,0.0,0.0,0.0
2016-06-09 00:00:00+00:00,0.0,0.0,0.0,0.0,0.0,0.0,5.999999999998037,91.75719654204664,0.0,0.0,0.9995297472126318,0.685091499085418,0,0.0,0.0,0.0,100.0,100.0,0.0,0.0,0.0,0.0,0.0,0.0,0.0,0.0,0.0,0.0,0.0,0.0,0.0,0.0,0.0,0.0,0.0,0.0,0.0,0.0,0.0,0.0,0.0,0.0,0.0,0.0,0.0,0.0,0.0,0.0,0.0,0.0,0.0,0.0,0.0,0,0,0,0,0.0,0.0,0.0,0.0,0.0,0.0,0.0,0.0,0.0,0.0,0.0,0.0
2016-06-10 00:00:00+00:00,0.0,0.0,0.0,0.0,0.0,0.0,5.99999999999843,241.7571965462108,0.0,0.0,-0.8809501818285285,-0.9575351548127996,0,0.0,0.0,0.0,100.0,100.0,0.0,0.0,0.0,0.0,0.0,0.0,0.0,0.0,0.0,0.0,0.0,0.0,0.0,0.0,0.0,0.0,0.0,0.0,0.0,0.0,0.0,0.0,0.0,0.0,0.0,0.0,0.0,0.0,0.0,0.0,0.0,0.0,0.0,0.0,0.0,0,0,0,0,0.0,0.0,0.0,0.0,0.0,0.0,0.0,0.0,0.0,0.0,0.0,0.0
2016-06-11 00:00:00+00:00,0.0,0.0,0.0,0.0,0.0,0.0,5.999999999998744,31.75719654954213,0.0,0.0,0.5263207267030872,0.9734080391499439,0,0.0,0.0,0.0,100.0,100.0,0.0,0.0,0.0,0.0,0.0,0.0,0.0,0.0,0.0,0.0,0.0,0.0,0.0,0.0,0.0,0.0,0.0,0.0,0.0,0.0,0.0,0.0,0.0,0.0,0.0,0.0,0.0,0.0,0.0,0.0,0.0,0.0,0.0,0.0,0.0,0,0,0,0,0.0,0.0,0.0,0.0,0.0,0.0,0.0,0.0,0.0,0.0,0.0,0.0
2016-06-12 00:00:00+00:00,0.0,0.0,0.0,0.0,0.0,0.0,5.9999999999989955,181.75719655220718,0.0,0.0,-0.030664057916770297,-0.7284570255395277,0,0.0,0.0,0.0,100.0,100.0,0.0,0.0,0.0,0.0,0.0,0.0,0.0,0.0,0.0,0.0,0.0,0.0,0.0,0.0,0.0,0.0,0.0,0.0,0.0,0.0,0.0,0.0,0.0,0.0,0.0,0.0,0.0,0.0,0.0,0.0,0.0,0.0,0.0,0.0,0.0,0,0,0,0,0.0,0.0,0.0,0.0,0.0,0.0,0.0,0.0,0.0,0.0,0.0,0.0
2016-06-13 00:00:00+00:00,0.0,0.0,0.0,0.0,0.0,0.0,5.999999999999197,-28.242803445660797,0.0,0.0,-0.4732090204317757,0.2883165402399927,0,0.0,0.0,0.0,100.0,100.0,0.0,0.0,0.0,0.0,0.0,0.0,0.0,0.0,0.0,0.0,0.0,0.0,0.0,0.0,0.0,0.0,0.0,0.0,0.0,0.0,0.0,0.0,0.0,0.0,0.0,0.0,0.0,0.0,0.0,0.0,0.0,0.0,0.0,0.0,0.0,0,0,0,0,0.0,0.0,0.0,0.0,0.0,0.0,0.0,0.0,0.0,0.0,0.0,0.0
2016-06-14 00:00:00+00:00,0.0,0.0,0.0,0.0,0.0,0.0,5.999999999999359,121.75719655604482,0.0,0.0,0.8502861239260303,0.22907812917789963,0,0.0,0.0,0.0,100.0,100.0,0.0,0.0,0.0,0.0,0.0,0.0,0.0,0.0,0.0,0.0,0.0,0.0,0.0,0.0,0.0,0.0,0.0,0.0,0.0,0.0,0.0,0.0,0.0,0.0,0.0,0.0,0.0,0.0,0.0,0.0,0.0,0.0,0.0,0.0,0.0,0,0,0,0,0.0,0.0,0.0,0.0,0.0,0.0,0.0,0.0,0.0,0.0,0.0,0.0
2016-06-15 00:00:00+00:00,0.0,0.0,0.0,0.0,0.0,0.0,5.9999999999994875,271.7571965574093,0.0,0.0,-0.9995297472044098,-0.6850914988900976,0,0.0,0.0,0.0,100.0,100.0,0.0,0.0,0.0,0.0,0.0,0.0,0.0,0.0,0.0,0.0,0.0,0.0,0.0,0.0,0.0,0.0,0.0,0.0,0.0,0.0,0.0,0.0,0.0,0.0,0.0,0.0,0.0,0.0,0.0,0.0,0.0,0.0,0.0,0.0,0.0,0,0,0,0,0.0,0.0,0.0,0.0,0.0,0.0,0.0,0.0,0.0,0.0,0.0,0.0
2016-06-16 00:00:00+00:00,0.0,0.0,0.0,0.0,0.0,0.0,5.9999999999995905,61.75719655850094,0.0,0.0,0.8809501819300336,0.9575351547509547,0,0.0,0.0,0.0,100.0,100.0,0.0,0.0,0.0,0.0,0.0,0.0,0.0,0.0,0.0,0.0,0.0,0.0,0.0,0.0,0.0,0.0,0.0,0.0,0.0,0.0,0.0,0.0,0.0,0.0,0.0,0.0,0.0,0.0,0.0,0.0,0.0,0.0,0.0,0.0,0.0,0,0,0,0,0.0,0.0,0.0,0.0,0.0,0.0,0.0,0.0,0.0,0.0,0.0,0.0
2016-06-17 00:00:00+00:00,0.0,0.0,0.0,0.0,0.0,0.0,5.999999999999673,211.75719655937422,0.0,0.0,-0.5263207268489981,-0.9734080391892542,0,0.0,0.0,0.0,100.0,100.0,0.0,0.0,0.0,0.0,0.0,0.0,0.0,0.0,0.0,0.0,0.0,0.0,0.0,0.0,0.0,0.0,0.0,0.0,0.0,0.0,0.0,0.0,0.0,0.0,0.0,0.0,0.0,0.0,0.0,0.0,0.0,0.0,0.0,0.0,0.0,0,0,0,0,0.0,0.0,0.0,0.0,0.0,0.0,0.0,0.0,0.0,0.0,0.0,0.0
2016-06-18 00:00:00+00:00,0.0,0.0,0.0,0.0,0.0,0.0,5.999999999999739,1.7571965600728277,0.0,0.0,0.03066405805398713,0.7284570256335781,0,0.0,0.0,0.0,100.0,100.0,0.0,0.0,0.0,0.0,0.0,0.0,0.0,0.0,0.0,0.0,0.0,0.0,0.0,0.0,0.0,0.0,0.0,0.0,0.0,0.0,0.0,0.0,0.0,0.0,0.0,0.0,0.0,0.0,0.0,0.0,0.0,0.0,0.0,0.0,0.0,0,0,0,0,0.0,0.0,0.0,0.0,0.0,0.0,0.0,0.0,0.0,0.0,0.0,0.0
2016-06-19 00:00:00+00:00,0.0,0.0,0.0,0.0,0.0,0.0,5.999999999999792,151.7571965606317,0.0,0.0,0.47320902033502527,-0.2883165403451541,0,0.0,0.0,0.0,100.0,100.0,0.0,0.0,0.0,0.0,0.0,0.0,0.0,0.0,0.0,0.0,0.0,0.0,0.0,0.0,0.0,0.0,0.0,0.0,0.0,0.0,0.0,0.0,0.0,0.0,0.0,0.0,0.0,0.0,0.0,0.0,0.0,0.0,0.0,0.0,0.0,0,0,0,0,0.0,0.0,0.0,0.0,0.0,0.0,0.0,0.0,0.0,0.0,0.0,0.0
2016-06-20 00:00:00+00:00,0.0,0.0,0.0,0.0,0.0,0.0,5.999999999999834,301.7571965610788,0.0,0.0,-0.8502861238797879,-0.22907812909237618,0,0.0,0.0,0.0,100.0,100.0,0.0,0.0,0.0,0.0,0.0,0.0,0.0,0.0,0.0,0.0,0.0,0.0,0.0,0.0,0.0,0.0,0.0,0.0,0.0,0.0,0.0,0.0,0.0,0.0,0.0,0.0,0.0,0.0,0.0,0.0,0.0,0.0,0.0,0.0,0.0,0,0,0,0,0.0,0.0,0.0,0.0,0.0,0.0,0.0,0.0,0.0,0.0,0.0,0.0
2016-06-21 00:00:00+00:00,0.0,0.0,0.0,0.0,0.0,0.0,5.999999999999867,91.75719656143644,0.0,0.0,0.9995297472022545,0.6850914988388965,0,0.0,0.0,0.0,100.0,100.0,0.0,0.0,0.0,0.0,0.0,0.0,0.0,0.0,0.0,0.0,0.0,0.0,0.0,0.0,0.0,0.0,0.0,0.0,0.0,0.0,0.0,0.0,0.0,0.0,0.0,0.0,0.0,0.0,0.0,0.0,0.0,0.0,0.0,0.0,0.0,0,0,0,0,0.0,0.0,0.0,0.0,0.0,0.0,0.0,0.0,0.0,0.0,0.0,0.0
2016-06-22 00:00:00+00:00,0.0,0.0,0.0,0.0,0.0,0.0,5.999999999999893,241.7571965617226,0.0,0.0,-0.8809501819566412,-0.9575351547347434,0,0.0,0.0,0.0,100.0,100.0,0.0,0.0,0.0,0.0,0.0,0.0,0.0,0.0,0.0,0.0,0.0,0.0,0.0,0.0,0.0,0.0,0.0,0.0,0.0,0.0,0.0,0.0,0.0,0.0,0.0,0.0,0.0,0.0,0.0,0.0,0.0,0.0,0.0,0.0,0.0,0,0,0,0,0.0,0.0,0.0,0.0,0.0,0.0,0.0,0.0,0.0,0.0,0.0,0.0
2016-06-23 00:00:00+00:00,0.0,0.0,0.0,0.0,0.0,0.0,5.999999999999915,31.757196561951503,0.0,0.0,0.526320726887246,0.9734080391995585,0,0.0,0.0,0.0,100.0,100.0,0.0,0.0,0.0,0.0,0.0,0.0,0.0,0.0,0.0,0.0,0.0,0.0,0.0,0.0,0.0,0.0,0.0,0.0,0.0,0.0,0.0,0.0,0.0,0.0,0.0,0.0,0.0,0.0,0.0,0.0,0.0,0.0,0.0,0.0,0.0,0,0,0,0,0.0,0.0,0.0,0.0,0.0,0.0,0.0,0.0,0.0,0.0,0.0,0.0
2016-06-24 00:00:00+00:00,0.0,0.0,0.0,0.0,0.0,0.0,5.9999999999999325,181.7571965621346,0.0,0.0,-0.030664058089954666,-0.7284570256582307,0,0.0,0.0,0.0,100.0,100.0,0.0,0.0,0.0,0.0,0.0,0.0,0.0,0.0,0.0,0.0,0.0,0.0,0.0,0.0,0.0,0.0,0.0,0.0,0.0,0.0,0.0,0.0,0.0,0.0,0.0,0.0,0.0,0.0,0.0,0.0,0.0,0.0,0.0,0.0,0.0,0,0,0,0,0.0,0.0,0.0,0.0,0.0,0.0,0.0,0.0,0.0,0.0,0.0,0.0
2016-06-25 00:00:00+00:00,0.0,0.0,0.0,0.0,0.0,0.0,5.999999999999947,-28.24280343771892,0.0,0.0,-0.4732090203096655,0.2883165403727185,0,0.0,0.0,0.0,100.0,100.0,0.0,0.0,0.0,0.0,0.0,0.0,0.0,0.0,0.0,0.0,0.0,0.0,0.0,0.0,0.0,0.0,0.0,0.0,0.0,0.0,0.0,0.0,0.0,0.0,0.0,0.0,0.0,0.0,0.0,0.0,0.0,0.0,0.0,0.0,0.0,0,0,0,0,0.0,0.0,0.0,0.0,0.0,0.0,0.0,0.0,0.0,0.0,0.0,0.0
2016-06-26 00:00:00+00:00,0.0,0.0,0.0,0.0,0.0,0.0,5.999999999999958,121.75719656239826,0.0,0.0,0.8502861238676673,0.22907812906995975,0,0.0,0.0,0.0,100.0,100.0,0.0,0.0,0.0,0.0,0.0,0.0,0.0,0.0,0.0,0.0,0.0,0.0,0.0,0.0,0.0,0.0,0.0,0.0,0.0,0.0,0.0,0.0,0.0,0.0,0.0,0.0,0.0,0.0,0.0,0.0,0.0,0.0,0.0,0.0,0.0,0,0,0,0,0.0,0.0,0.0,0.0,0.0,0.0,0.0,0.0,0.0,0.0,0.0,0.0
2016-06-27 00:00:00+00:00,0.0,0.0,0.0,0.0,0.0,0.0,5.999999999999967,271.757196562492,0.0,0.0,-0.9995297472016895,-0.6850914988254759,0,0.0,0.0,0.0,100.0,100.0,0.0,0.0,0.0,0.0,0.0,0.0,0.0,0.0,0.0,0.0,0.0,0.0,0.0,0.0,0.0,0.0,0.0,0.0,0.0,0.0,0.0,0.0,0.0,0.0,0.0,0.0,0.0,0.0,0.0,0.0,0.0,0.0,0.0,0.0,0.0,0,0,0,0,0.0,0.0,0.0,0.0,0.0,0.0,0.0,0.0,0.0,0.0,0.0,0.0
2016-06-28 00:00:00+00:00,0.0,0.0,0.0,0.0,0.0,0.0,5.999999999999974,61.757196562567,0.0,0.0,0.8809501819636154,0.9575351547304941,0,0.0,0.0,0.0,100.0,100.0,0.0,0.0,0.0,0.0,0.0,0.0,0.0,0.0,0.0,0.0,0.0,0.0,0.0,0.0,0.0,0.0,0.0,0.0,0.0,0.0,0.0,0.0,0.0,0.0,0.0,0.0,0.0,0.0,0.0,0.0,0.0,0.0,0.0,0.0,0.0,0,0,0,0,0.0,0.0,0.0,0.0,0.0,0.0,0.0,0.0,0.0,0.0,0.0,0.0
2016-06-29 00:00:00+00:00,0.0,0.0,0.0,0.0,0.0,0.0,5.99999999999998,211.75719656262697,0.0,0.0,-0.5263207268972702,-0.9734080392022592,0,0.0,0.0,0.0,100.0,100.0,0.0,0.0,0.0,0.0,0.0,0.0,0.0,0.0,0.0,0.0,0.0,0.0,0.0,0.0,0.0,0.0,0.0,0.0,0.0,0.0,0.0,0.0,0.0,0.0,0.0,0.0,0.0,0.0,0.0,0.0,0.0,0.0,0.0,0.0,0.0,0,0,0,0,0.0,0.0,0.0,0.0,0.0,0.0,0.0,0.0,0.0,0.0,0.0,0.0
2016-06-30 00:00:00+00:00,0.0,0.0,0.0,0.0,0.0,0.0,5.999999999999984,1.7571965626749488,0.0,0.0,0.03066405809938136,0.7284570256646918,0,0.0,0.0,0.0,100.0,100.0,0.0,0.0,0.0,0.0,0.0,0.0,0.0,0.0,0.0,0.0,0.0,0.0,0.0,0.0,0.0,0.0,0.0,0.0,0.0,0.0,0.0,0.0,0.0,0.0,0.0,0.0,0.0,0.0,0.0,0.0,0.0,0.0,0.0,0.0,0.0,0,0,0,0,0.0,0.0,0.0,0.0,0.0,0.0,0.0,0.0,0.0,0.0,0.0,0.0
2016-07-01 00:00:00+00:00,0.0,0.0,0.0,0.0,0.0,0.0,5.9999999999999885,151.75719656271332,0.0,0.0,0.4732090203030199,-0.28831654037994225,0,0.0,0.0,0.0,100.0,100.0,0.0,0.0,0.0,0.0,0.0,0.0,0.0,0.0,0.0,0.0,0.0,0.0,0.0,0.0,0.0,0.0,0.0,0.0,0.0,0.0,0.0,0.0,0.0,0.0,0.0,0.0,0.0,0.0,0.0,0.0,0.0,0.0,0.0,0.0,0.0,0,0,0,0,0.0,0.0,0.0,0.0,0.0,0.0,0.0,0.0,0.0,0.0,0.0,0.0
2016-07-02 00:00:00+00:00,0.0,0.0,0.0,0.0,0.0,0.0,5.999999999999991,301.757196562744,0.0,0.0,-0.8502861238644914,-0.22907812906408606,0,0.0,0.0,0.0,100.0,100.0,0.0,0.0,0.0,0.0,0.0,0.0,0.0,0.0,0.0,0.0,0.0,0.0,0.0,0.0,0.0,0.0,0.0,0.0,0.0,0.0,0.0,0.0,0.0,0.0,0.0,0.0,0.0,0.0,0.0,0.0,0.0,0.0,0.0,0.0,0.0,0,0,0,0,0.0,0.0,0.0,0.0,0.0,0.0,0.0,0.0,0.0,0.0,0.0,0.0
2016-07-03 00:00:00+00:00,0.0,0.0,0.0,0.0,0.0,0.0,5.999999999999994,91.75719656276857,0.0,0.0,0.9995297472015415,0.6850914988219601,0,0.0,0.0,0.0,100.0,100.0,0.0,0.0,0.0,0.0,0.0,0.0,0.0,0.0,0.0,0.0,0.0,0.0,0.0,0.0,0.0,0.0,0.0,0.0,0.0,0.0,0.0,0.0,0.0,0.0,0.0,0.0,0.0,0.0,0.0,0.0,0.0,0.0,0.0,0.0,0.0,0,0,0,0,0.0,0.0,0.0,0.0,0.0,0.0,0.0,0.0,0.0,0.0,0.0,0.0
2016-07-04 00:00:00+00:00,0.0,0.0,0.0,0.0,0.0,0.0,5.999999999999996,241.7571965627882,0.0,0.0,-0.8809501819654422,-0.9575351547293811,0,0.0,0.0,0.0,100.0,100.0,0.0,0.0,0.0,0.0,0.0,0.0,0.0,0.0,0.0,0.0,0.0,0.0,0.0,0.0,0.0,0.0,0.0,0.0,0.0,0.0,0.0,0.0,0.0,0.0,0.0,0.0,0.0,0.0,0.0,0.0,0.0,0.0,0.0,0.0,0.0,0,0,0,0,0.0,0.0,0.0,0.0,0.0,0.0,0.0,0.0,0.0,0.0,0.0,0.0
2016-07-05 00:00:00+00:00,0.0,0.0,0.0,0.0,0.0,0.0,5.9999999999999964,31.75719656280387,0.0,0.0,0.5263207268998953,0.9734080392029665,0,0.0,0.0,0.0,100.0,100.0,0.0,0.0,0.0,0.0,0.0,0.0,0.0,0.0,0.0,0.0,0.0,0.0,0.0,0.0,0.0,0.0,0.0,0.0,0.0,0.0,0.0,0.0,0.0,0.0,0.0,0.0,0.0,0.0,0.0,0.0,0.0,0.0,0.0,0.0,0.0,0,0,0,0,0.0,0.0,0.0,0.0,0.0,0.0,0.0,0.0,0.0,0.0,0.0,0.0
2016-07-06 00:00:00+00:00,0.0,0.0,0.0,0.0,0.0,0.0,5.999999999999998,181.75719656281643,0.0,0.0,-0.03066405810184933,-0.7284570256663835,0,0.0,0.0,0.0,100.0,100.0,0.0,0.0,0.0,0.0,0.0,0.0,0.0,0.0,0.0,0.0,0.0,0.0,0.0,0.0,0.0,0.0,0.0,0.0,0.0,0.0,0.0,0.0,0.0,0.0,0.0,0.0,0.0,0.0,0.0,0.0,0.0,0.0,0.0,0.0,0.0,0,0,0,0,0.0,0.0,0.0,0.0,0.0,0.0,0.0,0.0,0.0,0.0,0.0,0.0
2016-07-07 00:00:00+00:00,0.0,0.0,0.0,0.0,0.0,0.0,5.999999999999999,-28.242803437173507,0.0,0.0,-0.47320902030127954,0.2883165403818335,0,0.0,0.0,0.0,100.0,100.0,0.0,0.0,0.0,0.0,0.0,0.0,0.0,0.0,0.0,0.0,0.0,0.0,0.0,0.0,0.0,0.0,0.0,0.0,0.0,0.0,0.0,0.0,0.0,0.0,0.0,0.0,0.0,0.0,0.0,0.0,0.0,0.0,0.0,0.0,0.0,0,0,0,0,0.0,0.0,0.0,0.0,0.0,0.0,0.0,0.0,0.0,0.0,0.0,0.0
2016-07-08 00:00:00+00:00,0.0,0.0,0.0,0.0,0.0,0.0,6.0,121.75719656283452,0.0,0.0,0.8502861238636598,0.22907812906254832,0,0.0,0.0,0.0,100.0,100.0,0.0,0.0,0.0,0.0,0.0,0.0,0.0,0.0,0.0,0.0,0.0,0.0,0.0,0.0,0.0,0.0,0.0,0.0,0.0,0.0,0.0,0.0,0.0,0.0,0.0,0.0,0.0,0.0,0.0,0.0,0.0,0.0,0.0,0.0,0.0,0,0,0,0,0.0,0.0,0.0,0.0,0.0,0.0,0.0,0.0,0.0,0.0,0.0,0.0
2016-07-09 00:00:00+00:00,0.0,0.0,0.0,0.0,0.0,0.0,6.000000000000001,271.75719656284093,0.0,0.0,-0.9995297472015029,-0.6850914988210401,0,0.0,0.0,0.0,100.0,100.0,0.0,0.0,0.0,0.0,0.0,0.0,0.0,0.0,0.0,0.0,0.0,0.0,0.0,0.0,0.0,0.0,0.0,0.0,0.0,0.0,0.0,0.0,0.0,0.0,0.0,0.0,0.0,0.0,0.0,0.0,0.0,0.0,0.0,0.0,0.0,0,0,0,0,0.0,0.0,0.0,0.0,0.0,0.0,0.0,0.0,0.0,0.0,0.0,0.0
2016-07-10 00:00:00+00:00,0.0,0.0,0.0,0.0,0.0,0.0,6.000000000000001,61.75719656284605,0.0,0.0,0.8809501819659201,0.9575351547290899,0,0.0,0.0,0.0,100.0,100.0,0.0,0.0,0.0,0.0,0.0,0.0,0.0,0.0,0.0,0.0,0.0,0.0,0.0,0.0,0.0,0.0,0.0,0.0,0.0,0.0,0.0,0.0,0.0,0.0,0.0,0.0,0.0,0.0,0.0,0.0,0.0,0.0,0.0,0.0,0.0,0,0,0,0,0.0,0.0,0.0,0.0,0.0,0.0,0.0,0.0,0.0,0.0,0.0,0.0
2016-07-11 00:00:00+00:00,0.0,0.0,0.0,0.0,0.0,0.0,6.000000000000001,211.75719656285014,0.0,0.0,-0.5263207269005821,-0.9734080392031516,0,0.0,0.0,0.0,100.0,100.0,0.0,0.0,0.0,0.0,0.0,0.0,0.0,0.0,0.0,0.0,0.0,0.0,0.0,0.0,0.0,0.0,0.0,0.0,0.0,0.0,0.0,0.0,0.0,0.0,0.0,0.0,0.0,0.0,0.0,0.0,0.0,0.0,0.0,0.0,0.0,0,0,0,0,0.0,0.0,0.0,0.0,0.0,0.0,0.0,0.0,0.0,0.0,0.0,0.0
2016-07-12 00:00:00+00:00,0.0,0.0,0.0,0.0,0.0,0.0,6.000000000000001,1.7571965628534372,0.0,0.0,0.0306640581024951,0.728457025666826,0,0.0,0.0,0.0,100.0,100.0,0.0,0.0,0.0,0.0,0.0,0.0,0.0,0.0,0.0,0.0,0.0,0.0,0.0,0.0,0.0,0.0,0.0,0.0,0.0,0.0,0.0,0.0,0.0,0.0,0.0,0.0,0.0,0.0,0.0,0.0,0.0,0.0,0.0,0.0,0.0,0,0,0,0,0.0,0.0,0.0,0.0,0.0,0.0,0.0,0.0,0.0,0.0,0.0,0.0
2016-07-13 00:00:00+00:00,0.0,0.0,0.0,0.0,0.0,0.0,6.000000000000001,151.75719656285605,0.0,0.0,0.4732090203008252,-0.28831654038232735,0,0.0,0.0,0.0,100.0,100.0,0.0,0.0,0.0,0.0,0.0,0.0,0.0,0.0,0.0,0.0,0.0,0.0,0.0,0.0,0.0,0.0,0.0,0.0,0.0,0.0,0.0,0.0,0.0,0.0,0.0,0.0,0.0,0.0,0.0,0.0,0.0,0.0,0.0,0.0,0.0,0,0,0,0,0.0,0.0,0.0,0.0,0.0,0.0,0.0,0.0,0.0,0.0,0.0,0.0
2016-07-14 00:00:00+00:00,0.0,0.0,0.0,0.0,0.0,0.0,6.000000000000001,301.75719656285816,0.0,0.0,-0.8502861238634429,-0.22907812906214683,0,0.0,0.0,0.0,100.0,100.0,0.0,0.0,0.0,0.0,0.0,0.0,0.0,0.0,0.0,0.0,0.0,0.0,0.0,0.0,0.0,0.0,0.0,0.0,0.0,0.0,0.0,0.0,0.0,0.0,0.0,0.0,0.0,0.0,0.0,0.0,0.0,0.0,0.0,0.0,0.0,0,0,0,0,0.0,0.0,0.0,0.0,0.0,0.0,0.0,0.0,0.0,0.0,0.0,0.0
2016-07-15 00:00:00+00:00,0.0,0.0,0.0,0.0,0.0,0.0,6.000000000000001,91.7571965628598,0.0,0.0,0.9995297472014928,0.6850914988208,0,0.0,0.0,0.0,100.0,100.0,0.0,0.0,0.0,0.0,0.0,0.0,0.0,0.0,0.0,0.0,0.0,0.0,0.0,0.0,0.0,0.0,0.0,0.0,0.0,0.0,0.0,0.0,0.0,0.0,0.0,0.0,0.0,0.0,0.0,0.0,0.0,0.0,0.0,0.0,0.0,0,0,0,0,0.0,0.0,0.0,0.0,0.0,0.0,0.0,0.0,0.0,0.0,0.0,0.0
2016-07-16 00:00:00+00:00,0.0,0.0,0.0,0.0,0.0,0.0,6.000000000000001,241.75719656286114,0.0,0.0,-0.8809501819660449,-0.9575351547290138,0,0.0,0.0,0.0,100.0,100.0,0.0,0.0,0.0,0.0,0.0,0.0,0.0,0.0,0.0,0.0,0.0,0.0,0.0,0.0,0.0,0.0,0.0,0.0,0.0,0.0,0.0,0.0,0.0,0.0,0.0,0.0,0.0,0.0,0.0,0.0,0.0,0.0,0.0,0.0,0.0,0,0,0,0,0.0,0.0,0.0,0.0,0.0,0.0,0.0,0.0,0.0,0.0,0.0,0.0
2016-07-17 00:00:00+00:00,0.0,0.0,0.0,0.0,0.0,0.0,6.000000000000001,31.757196562862248,0.0,0.0,0.5263207269007617,0.9734080392032,0,0.0,0.0,0.0,100.0,100.0,0.0,0.0,0.0,0.0,0.0,0.0,0.0,0.0,0.0,0.0,0.0,0.0,0.0,0.0,0.0,0.0,0.0,0.0,0.0,0.0,0.0,0.0,0.0,0.0,0.0,0.0,0.0,0.0,0.0,0.0,0.0,0.0,0.0,0.0,0.0,0,0,0,0,0.0,0.0,0.0,0.0,0.0,0.0,0.0,0.0,0.0,0.0,0.0,0.0
2016-07-18 00:00:00+00:00,0.0,0.0,0.0,0.0,0.0,0.0,6.000000000000001,181.7571965628631,0.0,0.0,-0.030664058102663847,-0.7284570256669417,0,0.0,0.0,0.0,100.0,100.0,0.0,0.0,0.0,0.0,0.0,0.0,0.0,0.0,0.0,0.0,0.0,0.0,0.0,0.0,0.0,0.0,0.0,0.0,0.0,0.0,0.0,0.0,0.0,0.0,0.0,0.0,0.0,0.0,0.0,0.0,0.0,0.0,0.0,0.0,0.0,0,0,0,0,0.0,0.0,0.0,0.0,0.0,0.0,0.0,0.0,0.0,0.0,0.0,0.0
2016-07-19 00:00:00+00:00,0.0,0.0,0.0,0.0,0.0,0.0,6.000000000000001,-28.242803437136217,0.0,0.0,-0.4732090203007062,0.2883165403824567,0,0.0,0.0,0.0,100.0,100.0,0.0,0.0,0.0,0.0,0.0,0.0,0.0,0.0,0.0,0.0,0.0,0.0,0.0,0.0,0.0,0.0,0.0,0.0,0.0,0.0,0.0,0.0,0.0,0.0,0.0,0.0,0.0,0.0,0.0,0.0,0.0,0.0,0.0,0.0,0.0,0,0,0,0,0.0,0.0,0.0,0.0,0.0,0.0,0.0,0.0,0.0,0.0,0.0,0.0
2016-07-20 00:00:00+00:00,0.0,0.0,0.0,0.0,0.0,0.0,6.000000000000001,121.75719656286432,0.0,0.0,0.850286123863386,0.22907812906204167,0,0.0,0.0,0.0,100.0,100.0,0.0,0.0,0.0,0.0,0.0,0.0,0.0,0.0,0.0,0.0,0.0,0.0,0.0,0.0,0.0,0.0,0.0,0.0,0.0,0.0,0.0,0.0,0.0,0.0,0.0,0.0,0.0,0.0,0.0,0.0,0.0,0.0,0.0,0.0,0.0,0,0,0,0,0.0,0.0,0.0,0.0,0.0,0.0,0.0,0.0,0.0,0.0,0.0,0.0
2016-07-21 00:00:00+00:00,0.0,0.0,0.0,0.0,0.0,0.0,6.000000000000001,271.75719656286475,0.0,0.0,-0.9995297472014901,-0.6850914988207373,0,0.0,0.0,0.0,100.0,100.0,0.0,0.0,0.0,0.0,0.0,0.0,0.0,0.0,0.0,0.0,0.0,0.0,0.0,0.0,0.0,0.0,0.0,0.0,0.0,0.0,0.0,0.0,0.0,0.0,0.0,0.0,0.0,0.0,0.0,0.0,0.0,0.0,0.0,0.0,0.0,0,0,0,0,0.0,0.0,0.0,0.0,0.0,0.0,0.0,0.0,0.0,0.0,0.0,0.0
2016-07-22 00:00:00+00:00,0.0,0.0,0.0,0.0,0.0,0.0,6.000000000000001,61.75719656286509,0.0,0.0,0.8809501819660774,0.9575351547289941,0,0.0,0.0,0.0,100.0,100.0,0.0,0.0,0.0,0.0,0.0,0.0,0.0,0.0,0.0,0.0,0.0,0.0,0.0,0.0,0.0,0.0,0.0,0.0,0.0,0.0,0.0,0.0,0.0,0.0,0.0,0.0,0.0,0.0,0.0,0.0,0.0,0.0,0.0,0.0,0.0,0,0,0,0,0.0,0.0,0.0,0.0,0.0,0.0,0.0,0.0,0.0,0.0,0.0,0.0
2016-07-23 00:00:00+00:00,0.0,0.0,0.0,0.0,0.0,0.0,6.000000000000001,211.75719656286535,0.0,0.0,-0.5263207269008076,-0.9734080392032124,0,0.0,0.0,0.0,100.0,100.0,0.0,0.0,0.0,0.0,0.0,0.0,0.0,0.0,0.0,0.0,0.0,0.0,0.0,0.0,0.0,0.0,0.0,0.0,0.0,0.0,0.0,0.0,0.0,0.0,0.0,0.0,0.0,0.0,0.0,0.0,0.0,0.0,0.0,0.0,0.0,0,0,0,0,0.0,0.0,0.0,0.0,0.0,0.0,0.0,0.0,0.0,0.0,0.0,0.0
2016-07-24 00:00:00+00:00,0.0,0.0,0.0,0.0,0.0,0.0,6.000000000000001,1.7571965628656017,0.0,0.0,0.030664058102707312,0.7284570256669716,0,0.0,0.0,0.0,100.0,100.0,0.0,0.0,0.0,0.0,0.0,0.0,0.0,0.0,0.0,0.0,0.0,0.0,0.0,0.0,0.0,0.0,0.0,0.0,0.0,0.0,0.0,0.0,0.0,0.0,0.0,0.0,0.0,0.0,0.0,0.0,0.0,0.0,0.0,0.0,0.0,0,0,0,0,0.0,0.0,0.0,0.0,0.0,0.0,0.0,0.0,0.0,0.0,0.0,0.0
2016-07-25 00:00:00+00:00,0.0,0.0,0.0,0.0,0.0,0.0,6.000000000000001,151.75719656286577,0.0,0.0,0.4732090203006757,-0.2883165403824898,0,0.0,0.0,0.0,100.0,100.0,0.0,0.0,0.0,0.0,0.0,0.0,0.0,0.0,0.0,0.0,0.0,0.0,0.0,0.0,0.0,0.0,0.0,0.0,0.0,0.0,0.0,0.0,0.0,0.0,0.0,0.0,0.0,0.0,0.0,0.0,0.0,0.0,0.0,0.0,0.0,0,0,0,0,0.0,0.0,0.0,0.0,0.0,0.0,0.0,0.0,0.0,0.0,0.0,0.0
2016-07-26 00:00:00+00:00,0.0,0.0,0.0,0.0,0.0,0.0,6.000000000000001,301.7571965628659,0.0,0.0,-0.8502861238633719,-0.22907812906201544,0,0.0,0.0,0.0,100.0,100.0,0.0,0.0,0.0,0.0,0.0,0.0,0.0,0.0,0.0,0.0,0.0,0.0,0.0,0.0,0.0,0.0,0.0,0.0,0.0,0.0,0.0,0.0,0.0,0.0,0.0,0.0,0.0,0.0,0.0,0.0,0.0,0.0,0.0,0.0,0.0,0,0,0,0,0.0,0.0,0.0,0.0,0.0,0.0,0.0,0.0,0.0,0.0,0.0,0.0
2016-07-27 00:00:00+00:00,0.0,0.0,0.0,0.0,0.0,0.0,6.000000000000001,91.757196562866,0.0,0.0,0.9995297472014895,0.6850914988207214,0,0.0,0.0,0.0,100.0,100.0,0.0,0.0,0.0,0.0,0.0,0.0,0.0,0.0,0.0,0.0,0.0,0.0,0.0,0.0,0.0,0.0,0.0,0.0,0.0,0.0,0.0,0.0,0.0,0.0,0.0,0.0,0.0,0.0,0.0,0.0,0.0,0.0,0.0,0.0,0.0,0,0,0,0,0.0,0.0,0.0,0.0,0.0,0.0,0.0,0.0,0.0,0.0,0.0,0.0
2016-07-28 00:00:00+00:00,0.0,0.0,0.0,0.0,0.0,0.0,6.000000000000001,241.75719656286606,0.0,0.0,-0.8809501819660852,-0.9575351547289893,0,0.0,0.0,0.0,100.0,100.0,0.0,0.0,0.0,0.0,0.0,0.0,0.0,0.0,0.0,0.0,0.0,0.0,0.0,0.0,0.0,0.0,0.0,0.0,0.0,0.0,0.0,0.0,0.0,0.0,0.0,0.0,0.0,0.0,0.0,0.0,0.0,0.0,0.0,0.0,0.0,0,0,0,0,0.0,0.0,0.0,0.0,0.0,0.0,0.0,0.0,0.0,0.0,0.0,0.0
2016-07-29 00:00:00+00:00,0.0,0.0,0.0,0.0,0.0,0.0,6.000000000000001,31.757196562866113,0.0,0.0,0.526320726900819,0.9734080392032154,0,0.0,0.0,0.0,100.0,100.0,0.0,0.0,0.0,0.0,0.0,0.0,0.0,0.0,0.0,0.0,0.0,0.0,0.0,0.0,0.0,0.0,0.0,0.0,0.0,0.0,0.0,0.0,0.0,0.0,0.0,0.0,0.0,0.0,0.0,0.0,0.0,0.0,0.0,0.0,0.0,0,0,0,0,0.0,0.0,0.0,0.0,0.0,0.0,0.0,0.0,0.0,0.0,0.0,0.0
2016-07-30 00:00:00+00:00,0.0,0.0,0.0,0.0,0.0,0.0,6.000000000000001,181.75719656286614,0.0,0.0,-0.03066405810271667,-0.7284570256669779,0,0.0,0.0,0.0,100.0,100.0,0.0,0.0,0.0,0.0,0.0,0.0,0.0,0.0,0.0,0.0,0.0,0.0,0.0,0.0,0.0,0.0,0.0,0.0,0.0,0.0,0.0,0.0,0.0,0.0,0.0,0.0,0.0,0.0,0.0,0.0,0.0,0.0,0.0,0.0,0.0,0,0,0,0,0.0,0.0,0.0,0.0,0.0,0.0,0.0,0.0,0.0,0.0,0.0,0.0
2016-07-31 00:00:00+00:00,0.0,0.0,0.0,0.0,0.0,0.0,6.000000000000001,-28.24280343713383,0.0,0.0,-0.47320902030066947,0.28831654038249654,0,0.0,0.0,0.0,100.0,100.0,0.0,0.0,0.0,0.0,0.0,0.0,0.0,0.0,0.0,0.0,0.0,0.0,0.0,0.0,0.0,0.0,0.0,0.0,0.0,0.0,0.0,0.0,0.0,0.0,0.0,0.0,0.0,0.0,0.0,0.0,0.0,0.0,0.0,0.0,0.0,0,0,0,0,0.0,0.0,0.0,0.0,0.0,0.0,0.0,0.0,0.0,0.0,0.0,0.0
2016-08-01 00:00:00+00:00,0.0,0.0,0.0,0.0,0.0,0.0,6.000000000000001,121.75719656286617,0.0,0.0,0.8502861238633692,0.22907812906201055,0,0.0,0.0,0.0,100.0,100.0,0.0,0.0,0.0,0.0,0.0,0.0,0.0,0.0,0.0,0.0,0.0,0.0,0.0,0.0,0.0,0.0,0.0,0.0,0.0,0.0,0.0,0.0,0.0,0.0,0.0,0.0,0.0,0.0,0.0,0.0,0.0,0.0,0.0,0.0,0.0,0,0,0,0,0.0,0.0,0.0,0.0,0.0,0.0,0.0,0.0,0.0,0.0,0.0,0.0
2016-08-02 00:00:00+00:00,0.0,0.0,0.0,0.0,0.0,0.0,6.000000000000001,271.75719656286617,0.0,0.0,-0.9995297472014893,-0.6850914988207192,0,0.0,0.0,0.0,100.0,100.0,0.0,0.0,0.0,0.0,0.0,0.0,0.0,0.0,0.0,0.0,0.0,0.0,0.0,0.0,0.0,0.0,0.0,0.0,0.0,0.0,0.0,0.0,0.0,0.0,0.0,0.0,0.0,0.0,0.0,0.0,0.0,0.0,0.0,0.0,0.0,0,0,0,0,0.0,0.0,0.0,0.0,0.0,0.0,0.0,0.0,0.0,0.0,0.0,0.0
2016-08-03 00:00:00+00:00,0.0,0.0,0.0,0.0,0.0,0.0,6.000000000000001,61.75719656286617,0.0,0.0,0.8809501819660862,0.9575351547289886,0,0.0,0.0,0.0,100.0,100.0,0.0,0.0,0.0,0.0,0.0,0.0,0.0,0.0,0.0,0.0,0.0,0.0,0.0,0.0,0.0,0.0,0.0,0.0,0.0,0.0,0.0,0.0,0.0,0.0,0.0,0.0,0.0,0.0,0.0,0.0,0.0,0.0,0.0,0.0,0.0,0,0,0,0,0.0,0.0,0.0,0.0,0.0,0.0,0.0,0.0,0.0,0.0,0.0,0.0
2016-08-04 00:00:00+00:00,0.0,0.0,0.0,0.0,0.0,0.0,6.000000000000001,211.75719656286617,0.0,0.0,-0.5263207269008197,-0.9734080392032156,0,0.0,0.0,0.0,100.0,100.0,0.0,0.0,0.0,0.0,0.0,0.0,0.0,0.0,0.0,0.0,0.0,0.0,0.0,0.0,0.0,0.0,0.0,0.0,0.0,0.0,0.0,0.0,0.0,0.0,0.0,0.0,0.0,0.0,0.0,0.0,0.0,0.0,0.0,0.0,0.0,0,0,0,0,0.0,0.0,0.0,0.0,0.0,0.0,0.0,0.0,0.0,0.0,0.0,0.0
2016-08-05 00:00:00+00:00,0.0,0.0,0.0,0.0,0.0,0.0,6.000000000000001,1.75719656286617,0.0,0.0,0.030664058102717228,0.7284570256669783,0,0.0,0.0,0.0,100.0,100.0,0.0,0.0,0.0,0.0,0.0,0.0,0.0,0.0,0.0,0.0,0.0,0.0,0.0,0.0,0.0,0.0,0.0,0.0,0.0,0.0,0.0,0.0,0.0,0.0,0.0,0.0,0.0,0.0,0.0,0.0,0.0,0.0,0.0,0.0,0.0,0,0,0,0,0.0,0.0,0.0,0.0,0.0,0.0,0.0,0.0,0.0,0.0,0.0,0.0
2016-08-06 00:00:00+00:00,0.0,0.0,0.0,0.0,0.0,0.0,6.000000000000001,151.75719656286617,0.0,0.0,0.47320902030066947,-0.2883165403824966,0,0.0,0.0,0.0,100.0,100.0,0.0,0.0,0.0,0.0,0.0,0.0,0.0,0.0,0.0,0.0,0.0,0.0,0.0,0.0,0.0,0.0,0.0,0.0,0.0,0.0,0.0,0.0,0.0,0.0,0.0,0.0,0.0,0.0,0.0,0.0,0.0,0.0,0.0,0.0,0.0,0,0,0,0,0.0,0.0,0.0,0.0,0.0,0.0,0.0,0.0,0.0,0.0,0.0,0.0
2016-08-07 00:00:00+00:00,0.0,0.0,0.0,0.0,0.0,0.0,6.000000000000001,301.75719656286617,0.0,0.0,-0.850286123863369,-0.22907812906201025,0,0.0,0.0,0.0,100.0,100.0,0.0,0.0,0.0,0.0,0.0,0.0,0.0,0.0,0.0,0.0,0.0,0.0,0.0,0.0,0.0,0.0,0.0,0.0,0.0,0.0,0.0,0.0,0.0,0.0,0.0,0.0,0.0,0.0,0.0,0.0,0.0,0.0,0.0,0.0,0.0,0,0,0,0,0.0,0.0,0.0,0.0,0.0,0.0,0.0,0.0,0.0,0.0,0.0,0.0
2016-08-08 00:00:00+00:00,0.0,0.0,0.0,0.0,0.0,0.0,6.000000000000001,91.75719656286617,0.0,0.0,0.9995297472014893,0.6850914988207191,0,0.0,0.0,0.0,100.0,100.0,0.0,0.0,0.0,0.0,0.0,0.0,0.0,0.0,0.0,0.0,0.0,0.0,0.0,0.0,0.0,0.0,0.0,0.0,0.0,0.0,0.0,0.0,0.0,0.0,0.0,0.0,0.0,0.0,0.0,0.0,0.0,0.0,0.0,0.0,0.0,0,0,0,0,0.0,0.0,0.0,0.0,0.0,0.0,0.0,0.0,0.0,0.0,0.0,0.0
2016-08-09 00:00:00+00:00,0.0,0.0,0.0,0.0,0.0,0.0,6.000000000000001,241.75719656286617,0.0,0.0,-0.8809501819660861,-0.9575351547289888,0,0.0,0.0,0.0,100.0,100.0,0.0,0.0,0.0,0.0,0.0,0.0,0.0,0.0,0.0,0.0,0.0,0.0,0.0,0.0,0.0,0.0,0.0,0.0,0.0,0.0,0.0,0.0,0.0,0.0,0.0,0.0,0.0,0.0,0.0,0.0,0.0,0.0,0.0,0.0,0.0,0,0,0,0,0.0,0.0,0.0,0.0,0.0,0.0,0.0,0.0,0.0,0.0,0.0,0.0
2016-08-10 00:00:00+00:00,0.0,0.0,0.0,0.0,0.0,0.0,6.000000000000001,31.75719656286617,0.0,0.0,0.5263207269008198,0.9734080392032156,0,0.0,0.0,0.0,100.0,100.0,0.0,0.0,0.0,0.0,0.0,0.0,0.0,0.0,0.0,0.0,0.0,0.0,0.0,0.0,0.0,0.0,0.0,0.0,0.0,0.0,0.0,0.0,0.0,0.0,0.0,0.0,0.0,0.0,0.0,0.0,0.0,0.0,0.0,0.0,0.0,0,0,0,0,0.0,0.0,0.0,0.0,0.0,0.0,0.0,0.0,0.0,0.0,0.0,0.0
2016-08-11 00:00:00+00:00,0.0,0.0,0.0,0.0,0.0,0.0,6.000000000000001,181.75719656286617,0.0,0.0,-0.030664058102717114,-0.7284570256669782,0,0.0,0.0,0.0,100.0,100.0,0.0,0.0,0.0,0.0,0.0,0.0,0.0,0.0,0.0,0.0,0.0,0.0,0.0,0.0,0.0,0.0,0.0,0.0,0.0,0.0,0.0,0.0,0.0,0.0,0.0,0.0,0.0,0.0,0.0,0.0,0.0,0.0,0.0,0.0,0.0,0,0,0,0,0.0,0.0,0.0,0.0,0.0,0.0,0.0,0.0,0.0,0.0,0.0,0.0
2016-08-12 00:00:00+00:00,0.0,0.0,0.0,0.0,0.0,0.0,6.000000000000001,-28.24280343713383,0.0,0.0,-0.47320902030066947,0.28831654038249654,0,0.0,0.0,0.0,100.0,100.0,0.0,0.0,0.0,0.0,0.0,0.0,0.0,0.0,0.0,0.0,0.0,0.0,0.0,0.0,0.0,0.0,0.0,0.0,0.0,0.0,0.0,0.0,0.0,0.0,0.0,0.0,0.0,0.0,0.0,0.0,0.0,0.0,0.0,0.0,0.0,0,0,0,0,0.0,0.0,0.0,0.0,0.0,0.0,0.0,0.0,0.0,0.0,0.0,0.0
2016-08-13 00:00:00+00:00,0.0,0.0,0.0,0.0,0.0,0.0,6.000000000000001,121.75719656286617,0.0,0.0,0.8502861238633692,0.22907812906201055,0,0.0,0.0,0.0,100.0,100.0,0.0,0.0,0.0,0.0,0.0,0.0,0.0,0.0,0.0,0.0,0.0,0.0,0.0,0.0,0.0,0.0,0.0,0.0,0.0,0.0,0.0,0.0,0.0,0.0,0.0,0.0,0.0,0.0,0.0,0.0,0.0,0.0,0.0,0.0,0.0,0,0,0,0,0.0,0.0,0.0,0.0,0.0,0.0,0.0,0.0,0.0,0.0,0.0,0.0
2016-08-14 00:00:00+00:00,0.0,0.0,0.0,0.0,0.0,0.0,6.000000000000001,271.75719656286617,0.0,0.0,-0.9995297472014893,-0.6850914988207192,0,0.0,0.0,0.0,100.0,100.0,0.0,0.0,0.0,0.0,0.0,0.0,0.0,0.0,0.0,0.0,0.0,0.0,0.0,0.0,0.0,0.0,0.0,0.0,0.0,0.0,0.0,0.0,0.0,0.0,0.0,0.0,0.0,0.0,0.0,0.0,0.0,0.0,0.0,0.0,0.0,0,0,0,0,0.0,0.0,0.0,0.0,0.0,0.0,0.0,0.0,0.0,0.0,0.0,0.0
2016-08-15 00:00:00+00:00,0.0,0.0,0.0,0.0,0.0,0.0,6.000000000000001,61.75719656286617,0.0,0.0,0.8809501819660862,0.9575351547289886,0,0.0,0.0,0.0,100.0,100.0,0.0,0.0,0.0,0.0,0.0,0.0,0.0,0.0,0.0,0.0,0.0,0.0,0.0,0.0,0.0,0.0,0.0,0.0,0.0,0.0,0.0,0.0,0.0,0.0,0.0,0.0,0.0,0.0,0.0,0.0,0.0,0.0,0.0,0.0,0.0,0,0,0,0,0.0,0.0,0.0,0.0,0.0,0.0,0.0,0.0,0.0,0.0,0.0,0.0
2016-08-16 00:00:00+00:00,0.0,0.0,0.0,0.0,0.0,0.0,6.000000000000001,211.75719656286617,0.0,0.0,-0.5263207269008197,-0.9734080392032156,0,0.0,0.0,0.0,100.0,100.0,0.0,0.0,0.0,0.0,0.0,0.0,0.0,0.0,0.0,0.0,0.0,0.0,0.0,0.0,0.0,0.0,0.0,0.0,0.0,0.0,0.0,0.0,0.0,0.0,0.0,0.0,0.0,0.0,0.0,0.0,0.0,0.0,0.0,0.0,0.0,0,0,0,0,0.0,0.0,0.0,0.0,0.0,0.0,0.0,0.0,0.0,0.0,0.0,0.0
2016-08-17 00:00:00+00:00,0.0,0.0,0.0,0.0,0.0,0.0,6.000000000000001,1.75719656286617,0.0,0.0,0.030664058102717228,0.7284570256669783,0,0.0,0.0,0.0,100.0,100.0,0.0,0.0,0.0,0.0,0.0,0.0,0.0,0.0,0.0,0.0,0.0,0.0,0.0,0.0,0.0,0.0,0.0,0.0,0.0,0.0,0.0,0.0,0.0,0.0,0.0,0.0,0.0,0.0,0.0,0.0,0.0,0.0,0.0,0.0,0.0,0,0,0,0,0.0,0.0,0.0,0.0,0.0,0.0,0.0,0.0,0.0,0.0,0.0,0.0
2016-08-18 00:00:00+00:00,0.0,0.0,0.0,0.0,0.0,0.0,6.000000000000001,151.75719656286617,0.0,0.0,0.47320902030066947,-0.2883165403824966,0,0.0,0.0,0.0,100.0,100.0,0.0,0.0,0.0,0.0,0.0,0.0,0.0,0.0,0.0,0.0,0.0,0.0,0.0,0.0,0.0,0.0,0.0,0.0,0.0,0.0,0.0,0.0,0.0,0.0,0.0,0.0,0.0,0.0,0.0,0.0,0.0,0.0,0.0,0.0,0.0,0,0,0,0,0.0,0.0,0.0,0.0,0.0,0.0,0.0,0.0,0.0,0.0,0.0,0.0
2016-08-19 00:00:00+00:00,0.0,0.0,0.0,0.0,0.0,0.0,6.000000000000001,301.75719656286617,0.0,0.0,-0.850286123863369,-0.22907812906201025,0,0.0,0.0,0.0,100.0,100.0,0.0,0.0,0.0,0.0,0.0,0.0,0.0,0.0,0.0,0.0,0.0,0.0,0.0,0.0,0.0,0.0,0.0,0.0,0.0,0.0,0.0,0.0,0.0,0.0,0.0,0.0,0.0,0.0,0.0,0.0,0.0,0.0,0.0,0.0,0.0,0,0,0,0,0.0,0.0,0.0,0.0,0.0,0.0,0.0,0.0,0.0,0.0,0.0,0.0
2016-08-20 00:00:00+00:00,0.0,0.0,0.0,0.0,0.0,0.0,6.000000000000001,91.75719656286617,0.0,0.0,0.9995297472014893,0.6850914988207191,0,0.0,0.0,0.0,100.0,100.0,0.0,0.0,0.0,0.0,0.0,0.0,0.0,0.0,0.0,0.0,0.0,0.0,0.0,0.0,0.0,0.0,0.0,0.0,0.0,0.0,0.0,0.0,0.0,0.0,0.0,0.0,0.0,0.0,0.0,0.0,0.0,0.0,0.0,0.0,0.0,0,0,0,0,0.0,0.0,0.0,0.0,0.0,0.0,0.0,0.0,0.0,0.0,0.0,0.0
2016-08-21 00:00:00+00:00,0.0,0.0,0.0,0.0,0.0,0.0,6.000000000000001,241.75719656286617,0.0,0.0,-0.8809501819660861,-0.9575351547289888,0,0.0,0.0,0.0,100.0,100.0,0.0,0.0,0.0,0.0,0.0,0.0,0.0,0.0,0.0,0.0,0.0,0.0,0.0,0.0,0.0,0.0,0.0,0.0,0.0,0.0,0.0,0.0,0.0,0.0,0.0,0.0,0.0,0.0,0.0,0.0,0.0,0.0,0.0,0.0,0.0,0,0,0,0,0.0,0.0,0.0,0.0,0.0,0.0,0.0,0.0,0.0,0.0,0.0,0.0
2016-08-22 00:00:00+00:00,0.0,0.0,0.0,0.0,0.0,0.0,6.000000000000001,31.75719656286617,0.0,0.0,0.5263207269008198,0.9734080392032156,0,0.0,0.0,0.0,100.0,100.0,0.0,0.0,0.0,0.0,0.0,0.0,0.0,0.0,0.0,0.0,0.0,0.0,0.0,0.0,0.0,0.0,0.0,0.0,0.0,0.0,0.0,0.0,0.0,0.0,0.0,0.0,0.0,0.0,0.0,0.0,0.0,0.0,0.0,0.0,0.0,0,0,0,0,0.0,0.0,0.0,0.0,0.0,0.0,0.0,0.0,0.0,0.0,0.0,0.0
2016-08-23 00:00:00+00:00,0.0,0.0,0.0,0.0,0.0,0.0,6.000000000000001,181.75719656286617,0.0,0.0,-0.030664058102717114,-0.7284570256669782,0,0.0,0.0,0.0,100.0,100.0,0.0,0.0,0.0,0.0,0.0,0.0,0.0,0.0,0.0,0.0,0.0,0.0,0.0,0.0,0.0,0.0,0.0,0.0,0.0,0.0,0.0,0.0,0.0,0.0,0.0,0.0,0.0,0.0,0.0,0.0,0.0,0.0,0.0,0.0,0.0,0,0,0,0,0.0,0.0,0.0,0.0,0.0,0.0,0.0,0.0,0.0,0.0,0.0,0.0
2016-08-24 00:00:00+00:00,0.0,0.0,0.0,0.0,0.0,0.0,6.000000000000001,-28.24280343713383,0.0,0.0,-0.47320902030066947,0.28831654038249654,0,0.0,0.0,0.0,100.0,100.0,0.0,0.0,0.0,0.0,0.0,0.0,0.0,0.0,0.0,0.0,0.0,0.0,0.0,0.0,0.0,0.0,0.0,0.0,0.0,0.0,0.0,0.0,0.0,0.0,0.0,0.0,0.0,0.0,0.0,0.0,0.0,0.0,0.0,0.0,0.0,0,0,0,0,0.0,0.0,0.0,0.0,0.0,0.0,0.0,0.0,0.0,0.0,0.0,0.0
2016-08-25 00:00:00+00:00,0.0,0.0,0.0,0.0,0.0,0.0,6.000000000000001,121.75719656286617,0.0,0.0,0.8502861238633692,0.22907812906201055,0,0.0,0.0,0.0,100.0,100.0,0.0,0.0,0.0,0.0,0.0,0.0,0.0,0.0,0.0,0.0,0.0,0.0,0.0,0.0,0.0,0.0,0.0,0.0,0.0,0.0,0.0,0.0,0.0,0.0,0.0,0.0,0.0,0.0,0.0,0.0,0.0,0.0,0.0,0.0,0.0,0,0,0,0,0.0,0.0,0.0,0.0,0.0,0.0,0.0,0.0,0.0,0.0,0.0,0.0
2016-08-26 00:00:00+00:00,0.0,0.0,0.0,0.0,0.0,0.0,6.000000000000001,271.75719656286617,0.0,0.0,-0.9995297472014893,-0.6850914988207192,0,0.0,0.0,0.0,100.0,100.0,0.0,0.0,0.0,0.0,0.0,0.0,0.0,0.0,0.0,0.0,0.0,0.0,0.0,0.0,0.0,0.0,0.0,0.0,0.0,0.0,0.0,0.0,0.0,0.0,0.0,0.0,0.0,0.0,0.0,0.0,0.0,0.0,0.0,0.0,0.0,0,0,0,0,0.0,0.0,0.0,0.0,0.0,0.0,0.0,0.0,0.0,0.0,0.0,0.0
2016-08-27 00:00:00+00:00,0.0,0.0,0.0,0.0,0.0,0.0,6.000000000000001,61.75719656286617,0.0,0.0,0.8809501819660862,0.9575351547289886,0,0.0,0.0,0.0,100.0,100.0,0.0,0.0,0.0,0.0,0.0,0.0,0.0,0.0,0.0,0.0,0.0,0.0,0.0,0.0,0.0,0.0,0.0,0.0,0.0,0.0,0.0,0.0,0.0,0.0,0.0,0.0,0.0,0.0,0.0,0.0,0.0,0.0,0.0,0.0,0.0,0,0,0,0,0.0,0.0,0.0,0.0,0.0,0.0,0.0,0.0,0.0,0.0,0.0,0.0
2016-08-28 00:00:00+00:00,0.0,0.0,0.0,0.0,0.0,0.0,6.000000000000001,211.75719656286617,0.0,0.0,-0.5263207269008197,-0.9734080392032156,0,0.0,0.0,0.0,100.0,100.0,0.0,0.0,0.0,0.0,0.0,0.0,0.0,0.0,0.0,0.0,0.0,0.0,0.0,0.0,0.0,0.0,0.0,0.0,0.0,0.0,0.0,0.0,0.0,0.0,0.0,0.0,0.0,0.0,0.0,0.0,0.0,0.0,0.0,0.0,0.0,0,0,0,0,0.0,0.0,0.0,0.0,0.0,0.0,0.0,0.0,0.0,0.0,0.0,0.0
2016-08-29 00:00:00+00:00,0.0,0.0,0.0,0.0,0.0,0.0,6.000000000000001,1.75719656286617,0.0,0.0,0.030664058102717228,0.7284570256669783,0,0.0,0.0,0.0,100.0,100.0,0.0,0.0,0.0,0.0,0.0,0.0,0.0,0.0,0.0,0.0,0.0,0.0,0.0,0.0,0.0,0.0,0.0,0.0,0.0,0.0,0.0,0.0,0.0,0.0,0.0,0.0,0.0,0.0,0.0,0.0,0.0,0.0,0.0,0.0,0.0,0,0,0,0,0.0,0.0,0.0,0.0,0.0,0.0,0.0,0.0,0.0,0.0,0.0,0.0
2016-08-30 00:00:00+00:00,0.0,0.0,0.0,0.0,0.0,0.0,6.000000000000001,151.75719656286617,0.0,0.0,0.47320902030066947,-0.2883165403824966,0,0.0,0.0,0.0,100.0,100.0,0.0,0.0,0.0,0.0,0.0,0.0,0.0,0.0,0.0,0.0,0.0,0.0,0.0,0.0,0.0,0.0,0.0,0.0,0.0,0.0,0.0,0.0,0.0,0.0,0.0,0.0,0.0,0.0,0.0,0.0,0.0,0.0,0.0,0.0,0.0,0,0,0,0,0.0,0.0,0.0,0.0,0.0,0.0,0.0,0.0,0.0,0.0,0.0,0.0
2016-08-31 00:00:00+00:00,0.0,0.0,0.0,0.0,0.0,0.0,6.000000000000001,301.75719656286617,0.0,0.0,-0.850286123863369,-0.22907812906201025,0,0.0,0.0,0.0,100.0,100.0,0.0,0.0,0.0,0.0,0.0,0.0,0.0,0.0,0.0,0.0,0.0,0.0,0.0,0.0,0.0,0.0,0.0,0.0,0.0,0.0,0.0,0.0,0.0,0.0,0.0,0.0,0.0,0.0,0.0,0.0,0.0,0.0,0.0,0.0,0.0,0,0,0,0,0.0,0.0,0.0,0.0,0.0,0.0,0.0,0.0,0.0,0.0,0.0,0.0
2016-09-01 00:00:00+00:00,0.0,0.0,0.0,0.0,0.0,0.0,6.000000000000001,91.75719656286617,0.0,0.0,0.9995297472014893,0.6850914988207191,0,0.0,0.0,0.0,100.0,100.0,0.0,0.0,0.0,0.0,0.0,0.0,0.0,0.0,0.0,0.0,0.0,0.0,0.0,0.0,0.0,0.0,0.0,0.0,0.0,0.0,0.0,0.0,0.0,0.0,0.0,0.0,0.0,0.0,0.0,0.0,0.0,0.0,0.0,0.0,0.0,0,0,0,0,0.0,0.0,0.0,0.0,0.0,0.0,0.0,0.0,0.0,0.0,0.0,0.0
2016-09-02 00:00:00+00:00,0.0,0.0,0.0,0.0,0.0,0.0,6.000000000000001,241.75719656286617,0.0,0.0,-0.8809501819660861,-0.9575351547289888,0,0.0,0.0,0.0,100.0,100.0,0.0,0.0,0.0,0.0,0.0,0.0,0.0,0.0,0.0,0.0,0.0,0.0,0.0,0.0,0.0,0.0,0.0,0.0,0.0,0.0,0.0,0.0,0.0,0.0,0.0,0.0,0.0,0.0,0.0,0.0,0.0,0.0,0.0,0.0,0.0,0,0,0,0,0.0,0.0,0.0,0.0,0.0,0.0,0.0,0.0,0.0,0.0,0.0,0.0
2016-09-03 00:00:00+00:00,0.0,0.0,0.0,0.0,0.0,0.0,6.000000000000001,31.75719656286617,0.0,0.0,0.5263207269008198,0.9734080392032156,0,0.0,0.0,0.0,100.0,100.0,0.0,0.0,0.0,0.0,0.0,0.0,0.0,0.0,0.0,0.0,0.0,0.0,0.0,0.0,0.0,0.0,0.0,0.0,0.0,0.0,0.0,0.0,0.0,0.0,0.0,0.0,0.0,0.0,0.0,0.0,0.0,0.0,0.0,0.0,0.0,0,0,0,0,0.0,0.0,0.0,0.0,0.0,0.0,0.0,0.0,0.0,0.0,0.0,0.0
2016-09-04 00:00:00+00:00,0.0,0.0,0.0,0.0,0.0,0.0,6.000000000000001,181.75719656286617,0.0,0.0,-0.030664058102717114,-0.7284570256669782,0,0.0,0.0,0.0,100.0,100.0,0.0,0.0,0.0,0.0,0.0,0.0,0.0,0.0,0.0,0.0,0.0,0.0,0.0,0.0,0.0,0.0,0.0,0.0,0.0,0.0,0.0,0.0,0.0,0.0,0.0,0.0,0.0,0.0,0.0,0.0,0.0,0.0,0.0,0.0,0.0,0,0,0,0,0.0,0.0,0.0,0.0,0.0,0.0,0.0,0.0,0.0,0.0,0.0,0.0
2016-09-05 00:00:00+00:00,0.0,0.0,0.0,0.0,0.0,0.0,6.000000000000001,-28.24280343713383,0.0,0.0,-0.47320902030066947,0.28831654038249654,0,0.0,0.0,0.0,100.0,100.0,0.0,0.0,0.0,0.0,0.0,0.0,0.0,0.0,0.0,0.0,0.0,0.0,0.0,0.0,0.0,0.0,0.0,0.0,0.0,0.0,0.0,0.0,0.0,0.0,0.0,0.0,0.0,0.0,0.0,0.0,0.0,0.0,0.0,0.0,0.0,0,0,0,0,0.0,0.0,0.0,0.0,0.0,0.0,0.0,0.0,0.0,0.0,0.0,0.0
2016-09-06 00:00:00+00:00,0.0,0.0,0.0,0.0,0.0,0.0,6.000000000000001,121.75719656286617,0.0,0.0,0.8502861238633692,0.22907812906201055,0,0.0,0.0,0.0,100.0,100.0,0.0,0.0,0.0,0.0,0.0,0.0,0.0,0.0,0.0,0.0,0.0,0.0,0.0,0.0,0.0,0.0,0.0,0.0,0.0,0.0,0.0,0.0,0.0,0.0,0.0,0.0,0.0,0.0,0.0,0.0,0.0,0.0,0.0,0.0,0.0,0,0,0,0,0.0,0.0,0.0,0.0,0.0,0.0,0.0,0.0,0.0,0.0,0.0,0.0
2016-09-07 00:00:00+00:00,0.0,0.0,0.0,0.0,0.0,0.0,6.000000000000001,271.75719656286617,0.0,0.0,-0.9995297472014893,-0.6850914988207192,0,0.0,0.0,0.0,100.0,100.0,0.0,0.0,0.0,0.0,0.0,0.0,0.0,0.0,0.0,0.0,0.0,0.0,0.0,0.0,0.0,0.0,0.0,0.0,0.0,0.0,0.0,0.0,0.0,0.0,0.0,0.0,0.0,0.0,0.0,0.0,0.0,0.0,0.0,0.0,0.0,0,0,0,0,0.0,0.0,0.0,0.0,0.0,0.0,0.0,0.0,0.0,0.0,0.0,0.0
2016-09-08 00:00:00+00:00,0.0,0.0,0.0,0.0,0.0,0.0,6.000000000000001,61.75719656286617,0.0,0.0,0.8809501819660862,0.9575351547289886,0,0.0,0.0,0.0,100.0,100.0,0.0,0.0,0.0,0.0,0.0,0.0,0.0,0.0,0.0,0.0,0.0,0.0,0.0,0.0,0.0,0.0,0.0,0.0,0.0,0.0,0.0,0.0,0.0,0.0,0.0,0.0,0.0,0.0,0.0,0.0,0.0,0.0,0.0,0.0,0.0,0,0,0,0,0.0,0.0,0.0,0.0,0.0,0.0,0.0,0.0,0.0,0.0,0.0,0.0
2016-09-09 00:00:00+00:00,0.0,0.0,0.0,0.0,0.0,0.0,6.000000000000001,211.75719656286617,0.0,0.0,-0.5263207269008197,-0.9734080392032156,0,0.0,0.0,0.0,100.0,100.0,0.0,0.0,0.0,0.0,0.0,0.0,0.0,0.0,0.0,0.0,0.0,0.0,0.0,0.0,0.0,0.0,0.0,0.0,0.0,0.0,0.0,0.0,0.0,0.0,0.0,0.0,0.0,0.0,0.0,0.0,0.0,0.0,0.0,0.0,0.0,0,0,0,0,0.0,0.0,0.0,0.0,0.0,0.0,0.0,0.0,0.0,0.0,0.0,0.0
2016-09-10 00:00:00+00:00,0.0,0.0,0.0,0.0,0.0,0.0,6.000000000000001,1.75719656286617,0.0,0.0,0.030664058102717228,0.7284570256669783,0,0.0,0.0,0.0,100.0,100.0,0.0,0.0,0.0,0.0,0.0,0.0,0.0,0.0,0.0,0.0,0.0,0.0,0.0,0.0,0.0,0.0,0.0,0.0,0.0,0.0,0.0,0.0,0.0,0.0,0.0,0.0,0.0,0.0,0.0,0.0,0.0,0.0,0.0,0.0,0.0,0,0,0,0,0.0,0.0,0.0,0.0,0.0,0.0,0.0,0.0,0.0,0.0,0.0,0.0
2016-09-11 00:00:00+00:00,0.0,0.0,0.0,0.0,0.0,0.0,6.000000000000001,151.75719656286617,0.0,0.0,0.47320902030066947,-0.2883165403824966,0,0.0,0.0,0.0,100.0,100.0,0.0,0.0,0.0,0.0,0.0,0.0,0.0,0.0,0.0,0.0,0.0,0.0,0.0,0.0,0.0,0.0,0.0,0.0,0.0,0.0,0.0,0.0,0.0,0.0,0.0,0.0,0.0,0.0,0.0,0.0,0.0,0.0,0.0,0.0,0.0,0,0,0,0,0.0,0.0,0.0,0.0,0.0,0.0,0.0,0.0,0.0,0.0,0.0,0.0
2016-09-12 00:00:00+00:00,0.0,0.0,0.0,0.0,0.0,0.0,6.000000000000001,301.75719656286617,0.0,0.0,-0.850286123863369,-0.22907812906201025,0,0.0,0.0,0.0,100.0,100.0,0.0,0.0,0.0,0.0,0.0,0.0,0.0,0.0,0.0,0.0,0.0,0.0,0.0,0.0,0.0,0.0,0.0,0.0,0.0,0.0,0.0,0.0,0.0,0.0,0.0,0.0,0.0,0.0,0.0,0.0,0.0,0.0,0.0,0.0,0.0,0,0,0,0,0.0,0.0,0.0,0.0,0.0,0.0,0.0,0.0,0.0,0.0,0.0,0.0
2016-09-13 00:00:00+00:00,0.0,0.0,0.0,0.0,0.0,0.0,6.000000000000001,91.75719656286617,0.0,0.0,0.9995297472014893,0.6850914988207191,0,0.0,0.0,0.0,100.0,100.0,0.0,0.0,0.0,0.0,0.0,0.0,0.0,0.0,0.0,0.0,0.0,0.0,0.0,0.0,0.0,0.0,0.0,0.0,0.0,0.0,0.0,0.0,0.0,0.0,0.0,0.0,0.0,0.0,0.0,0.0,0.0,0.0,0.0,0.0,0.0,0,0,0,0,0.0,0.0,0.0,0.0,0.0,0.0,0.0,0.0,0.0,0.0,0.0,0.0
2016-09-14 00:00:00+00:00,0.0,0.0,0.0,0.0,0.0,0.0,6.000000000000001,241.75719656286617,0.0,0.0,-0.8809501819660861,-0.9575351547289888,0,0.0,0.0,0.0,100.0,100.0,0.0,0.0,0.0,0.0,0.0,0.0,0.0,0.0,0.0,0.0,0.0,0.0,0.0,0.0,0.0,0.0,0.0,0.0,0.0,0.0,0.0,0.0,0.0,0.0,0.0,0.0,0.0,0.0,0.0,0.0,0.0,0.0,0.0,0.0,0.0,0,0,0,0,0.0,0.0,0.0,0.0,0.0,0.0,0.0,0.0,0.0,0.0,0.0,0.0
2016-09-15 00:00:00+00:00,0.0,0.0,0.0,0.0,0.0,0.0,6.000000000000001,31.75719656286617,0.0,0.0,0.5263207269008198,0.9734080392032156,0,0.0,0.0,0.0,100.0,100.0,0.0,0.0,0.0,0.0,0.0,0.0,0.0,0.0,0.0,0.0,0.0,0.0,0.0,0.0,0.0,0.0,0.0,0.0,0.0,0.0,0.0,0.0,0.0,0.0,0.0,0.0,0.0,0.0,0.0,0.0,0.0,0.0,0.0,0.0,0.0,0,0,0,0,0.0,0.0,0.0,0.0,0.0,0.0,0.0,0.0,0.0,0.0,0.0,0.0
2016-09-16 00:00:00+00:00,0.0,0.0,0.0,0.0,0.0,0.0,6.000000000000001,181.75719656286617,0.0,0.0,-0.030664058102717114,-0.7284570256669782,0,0.0,0.0,0.0,100.0,100.0,0.0,0.0,0.0,0.0,0.0,0.0,0.0,0.0,0.0,0.0,0.0,0.0,0.0,0.0,0.0,0.0,0.0,0.0,0.0,0.0,0.0,0.0,0.0,0.0,0.0,0.0,0.0,0.0,0.0,0.0,0.0,0.0,0.0,0.0,0.0,0,0,0,0,0.0,0.0,0.0,0.0,0.0,0.0,0.0,0.0,0.0,0.0,0.0,0.0
2016-09-17 00:00:00+00:00,0.0,0.0,0.0,0.0,0.0,0.0,6.000000000000001,-28.24280343713383,0.0,0.0,-0.47320902030066947,0.28831654038249654,0,0.0,0.0,0.0,100.0,100.0,0.0,0.0,0.0,0.0,0.0,0.0,0.0,0.0,0.0,0.0,0.0,0.0,0.0,0.0,0.0,0.0,0.0,0.0,0.0,0.0,0.0,0.0,0.0,0.0,0.0,0.0,0.0,0.0,0.0,0.0,0.0,0.0,0.0,0.0,0.0,0,0,0,0,0.0,0.0,0.0,0.0,0.0,0.0,0.0,0.0,0.0,0.0,0.0,0.0
2016-09-18 00:00:00+00:00,0.0,0.0,0.0,0.0,0.0,0.0,6.000000000000001,121.75719656286617,0.0,0.0,0.8502861238633692,0.22907812906201055,0,0.0,0.0,0.0,100.0,100.0,0.0,0.0,0.0,0.0,0.0,0.0,0.0,0.0,0.0,0.0,0.0,0.0,0.0,0.0,0.0,0.0,0.0,0.0,0.0,0.0,0.0,0.0,0.0,0.0,0.0,0.0,0.0,0.0,0.0,0.0,0.0,0.0,0.0,0.0,0.0,0,0,0,0,0.0,0.0,0.0,0.0,0.0,0.0,0.0,0.0,0.0,0.0,0.0,0.0
2016-09-19 00:00:00+00:00,0.0,0.0,0.0,0.0,0.0,0.0,6.000000000000001,271.75719656286617,0.0,0.0,-0.9995297472014893,-0.6850914988207192,0,0.0,0.0,0.0,100.0,100.0,0.0,0.0,0.0,0.0,0.0,0.0,0.0,0.0,0.0,0.0,0.0,0.0,0.0,0.0,0.0,0.0,0.0,0.0,0.0,0.0,0.0,0.0,0.0,0.0,0.0,0.0,0.0,0.0,0.0,0.0,0.0,0.0,0.0,0.0,0.0,0,0,0,0,0.0,0.0,0.0,0.0,0.0,0.0,0.0,0.0,0.0,0.0,0.0,0.0
2016-09-20 00:00:00+00:00,0.0,0.0,0.0,0.0,0.0,0.0,6.000000000000001,61.75719656286617,0.0,0.0,0.8809501819660862,0.9575351547289886,0,0.0,0.0,0.0,100.0,100.0,0.0,0.0,0.0,0.0,0.0,0.0,0.0,0.0,0.0,0.0,0.0,0.0,0.0,0.0,0.0,0.0,0.0,0.0,0.0,0.0,0.0,0.0,0.0,0.0,0.0,0.0,0.0,0.0,0.0,0.0,0.0,0.0,0.0,0.0,0.0,0,0,0,0,0.0,0.0,0.0,0.0,0.0,0.0,0.0,0.0,0.0,0.0,0.0,0.0
2016-09-21 00:00:00+00:00,0.0,0.0,0.0,0.0,0.0,0.0,6.000000000000001,211.75719656286617,0.0,0.0,-0.5263207269008197,-0.9734080392032156,0,0.0,0.0,0.0,100.0,100.0,0.0,0.0,0.0,0.0,0.0,0.0,0.0,0.0,0.0,0.0,0.0,0.0,0.0,0.0,0.0,0.0,0.0,0.0,0.0,0.0,0.0,0.0,0.0,0.0,0.0,0.0,0.0,0.0,0.0,0.0,0.0,0.0,0.0,0.0,0.0,0,0,0,0,0.0,0.0,0.0,0.0,0.0,0.0,0.0,0.0,0.0,0.0,0.0,0.0
2016-09-22 00:00:00+00:00,0.0,0.0,0.0,0.0,0.0,0.0,6.000000000000001,1.75719656286617,0.0,0.0,0.030664058102717228,0.7284570256669783,0,0.0,0.0,0.0,100.0,100.0,0.0,0.0,0.0,0.0,0.0,0.0,0.0,0.0,0.0,0.0,0.0,0.0,0.0,0.0,0.0,0.0,0.0,0.0,0.0,0.0,0.0,0.0,0.0,0.0,0.0,0.0,0.0,0.0,0.0,0.0,0.0,0.0,0.0,0.0,0.0,0,0,0,0,0.0,0.0,0.0,0.0,0.0,0.0,0.0,0.0,0.0,0.0,0.0,0.0
2016-09-23 00:00:00+00:00,0.0,0.0,0.0,0.0,0.0,0.0,6.000000000000001,151.75719656286617,0.0,0.0,0.47320902030066947,-0.2883165403824966,0,0.0,0.0,0.0,100.0,100.0,0.0,0.0,0.0,0.0,0.0,0.0,0.0,0.0,0.0,0.0,0.0,0.0,0.0,0.0,0.0,0.0,0.0,0.0,0.0,0.0,0.0,0.0,0.0,0.0,0.0,0.0,0.0,0.0,0.0,0.0,0.0,0.0,0.0,0.0,0.0,0,0,0,0,0.0,0.0,0.0,0.0,0.0,0.0,0.0,0.0,0.0,0.0,0.0,0.0
2016-09-24 00:00:00+00:00,0.0,0.0,0.0,0.0,0.0,0.0,6.000000000000001,301.75719656286617,0.0,0.0,-0.850286123863369,-0.22907812906201025,0,0.0,0.0,0.0,100.0,100.0,0.0,0.0,0.0,0.0,0.0,0.0,0.0,0.0,0.0,0.0,0.0,0.0,0.0,0.0,0.0,0.0,0.0,0.0,0.0,0.0,0.0,0.0,0.0,0.0,0.0,0.0,0.0,0.0,0.0,0.0,0.0,0.0,0.0,0.0,0.0,0,0,0,0,0.0,0.0,0.0,0.0,0.0,0.0,0.0,0.0,0.0,0.0,0.0,0.0
2016-09-25 00:00:00+00:00,0.0,0.0,0.0,0.0,0.0,0.0,6.000000000000001,91.75719656286617,0.0,0.0,0.9995297472014893,0.6850914988207191,0,0.0,0.0,0.0,100.0,100.0,0.0,0.0,0.0,0.0,0.0,0.0,0.0,0.0,0.0,0.0,0.0,0.0,0.0,0.0,0.0,0.0,0.0,0.0,0.0,0.0,0.0,0.0,0.0,0.0,0.0,0.0,0.0,0.0,0.0,0.0,0.0,0.0,0.0,0.0,0.0,0,0,0,0,0.0,0.0,0.0,0.0,0.0,0.0,0.0,0.0,0.0,0.0,0.0,0.0
2016-09-26 00:00:00+00:00,0.0,0.0,0.0,0.0,0.0,0.0,6.000000000000001,241.75719656286617,0.0,0.0,-0.8809501819660861,-0.9575351547289888,0,0.0,0.0,0.0,100.0,100.0,0.0,0.0,0.0,0.0,0.0,0.0,0.0,0.0,0.0,0.0,0.0,0.0,0.0,0.0,0.0,0.0,0.0,0.0,0.0,0.0,0.0,0.0,0.0,0.0,0.0,0.0,0.0,0.0,0.0,0.0,0.0,0.0,0.0,0.0,0.0,0,0,0,0,0.0,0.0,0.0,0.0,0.0,0.0,0.0,0.0,0.0,0.0,0.0,0.0
2016-09-27 00:00:00+00:00,0.0,0.0,0.0,0.0,0.0,0.0,6.000000000000001,31.75719656286617,0.0,0.0,0.5263207269008198,0.9734080392032156,0,0.0,0.0,0.0,100.0,100.0,0.0,0.0,0.0,0.0,0.0,0.0,0.0,0.0,0.0,0.0,0.0,0.0,0.0,0.0,0.0,0.0,0.0,0.0,0.0,0.0,0.0,0.0,0.0,0.0,0.0,0.0,0.0,0.0,0.0,0.0,0.0,0.0,0.0,0.0,0.0,0,0,0,0,0.0,0.0,0.0,0.0,0.0,0.0,0.0,0.0,0.0,0.0,0.0,0.0
2016-09-28 00:00:00+00:00,0.0,0.0,0.0,0.0,0.0,0.0,6.000000000000001,181.75719656286617,0.0,0.0,-0.030664058102717114,-0.7284570256669782,0,0.0,0.0,0.0,100.0,100.0,0.0,0.0,0.0,0.0,0.0,0.0,0.0,0.0,0.0,0.0,0.0,0.0,0.0,0.0,0.0,0.0,0.0,0.0,0.0,0.0,0.0,0.0,0.0,0.0,0.0,0.0,0.0,0.0,0.0,0.0,0.0,0.0,0.0,0.0,0.0,0,0,0,0,0.0,0.0,0.0,0.0,0.0,0.0,0.0,0.0,0.0,0.0,0.0,0.0
2016-09-29 00:00:00+00:00,0.0,0.0,0.0,0.0,0.0,0.0,6.000000000000001,-28.24280343713383,0.0,0.0,-0.47320902030066947,0.28831654038249654,0,0.0,0.0,0.0,100.0,100.0,0.0,0.0,0.0,0.0,0.0,0.0,0.0,0.0,0.0,0.0,0.0,0.0,0.0,0.0,0.0,0.0,0.0,0.0,0.0,0.0,0.0,0.0,0.0,0.0,0.0,0.0,0.0,0.0,0.0,0.0,0.0,0.0,0.0,0.0,0.0,0,0,0,0,0.0,0.0,0.0,0.0,0.0,0.0,0.0,0.0,0.0,0.0,0.0,0.0
2016-09-30 00:00:00+00:00,0.0,0.0,0.0,0.0,0.0,0.0,6.000000000000001,121.75719656286617,0.0,0.0,0.8502861238633692,0.22907812906201055,0,0.0,0.0,0.0,100.0,100.0,0.0,0.0,0.0,0.0,0.0,0.0,0.0,0.0,0.0,0.0,0.0,0.0,0.0,0.0,0.0,0.0,0.0,0.0,0.0,0.0,0.0,0.0,0.0,0.0,0.0,0.0,0.0,0.0,0.0,0.0,0.0,0.0,0.0,0.0,0.0,0,0,0,0,0.0,0.0,0.0,0.0,0.0,0.0,0.0,0.0,0.0,0.0,0.0,0.0
2016-10-01 00:00:00+00:00,0.0,0.0,0.0,0.0,0.0,0.0,6.000000000000001,271.75719656286617,0.0,0.0,-0.9995297472014893,-0.6850914988207192,0,0.0,0.0,0.0,100.0,100.0,0.0,0.0,0.0,0.0,0.0,0.0,0.0,0.0,0.0,0.0,0.0,0.0,0.0,0.0,0.0,0.0,0.0,0.0,0.0,0.0,0.0,0.0,0.0,0.0,0.0,0.0,0.0,0.0,0.0,0.0,0.0,0.0,0.0,0.0,0.0,0,0,0,0,0.0,0.0,0.0,0.0,0.0,0.0,0.0,0.0,0.0,0.0,0.0,0.0
2016-10-02 00:00:00+00:00,0.0,0.0,0.0,0.0,0.0,0.0,6.000000000000001,61.75719656286617,0.0,0.0,0.8809501819660862,0.9575351547289886,0,0.0,0.0,0.0,100.0,100.0,0.0,0.0,0.0,0.0,0.0,0.0,0.0,0.0,0.0,0.0,0.0,0.0,0.0,0.0,0.0,0.0,0.0,0.0,0.0,0.0,0.0,0.0,0.0,0.0,0.0,0.0,0.0,0.0,0.0,0.0,0.0,0.0,0.0,0.0,0.0,0,0,0,0,0.0,0.0,0.0,0.0,0.0,0.0,0.0,0.0,0.0,0.0,0.0,0.0
2016-10-03 00:00:00+00:00,0.0,0.0,0.0,0.0,0.0,0.0,6.000000000000001,211.75719656286617,0.0,0.0,-0.5263207269008197,-0.9734080392032156,0,0.0,0.0,0.0,100.0,100.0,0.0,0.0,0.0,0.0,0.0,0.0,0.0,0.0,0.0,0.0,0.0,0.0,0.0,0.0,0.0,0.0,0.0,0.0,0.0,0.0,0.0,0.0,0.0,0.0,0.0,0.0,0.0,0.0,0.0,0.0,0.0,0.0,0.0,0.0,0.0,0,0,0,0,0.0,0.0,0.0,0.0,0.0,0.0,0.0,0.0,0.0,0.0,0.0,0.0
2016-10-04 00:00:00+00:00,0.0,0.0,0.0,0.0,0.0,0.0,6.000000000000001,1.75719656286617,0.0,0.0,0.030664058102717228,0.7284570256669783,0,0.0,0.0,0.0,100.0,100.0,0.0,0.0,0.0,0.0,0.0,0.0,0.0,0.0,0.0,0.0,0.0,0.0,0.0,0.0,0.0,0.0,0.0,0.0,0.0,0.0,0.0,0.0,0.0,0.0,0.0,0.0,0.0,0.0,0.0,0.0,0.0,0.0,0.0,0.0,0.0,0,0,0,0,0.0,0.0,0.0,0.0,0.0,0.0,0.0,0.0,0.0,0.0,0.0,0.0
2016-10-05 00:00:00+00:00,0.0,0.0,0.0,0.0,0.0,0.0,6.000000000000001,151.75719656286617,0.0,0.0,0.47320902030066947,-0.2883165403824966,0,0.0,0.0,0.0,100.0,100.0,0.0,0.0,0.0,0.0,0.0,0.0,0.0,0.0,0.0,0.0,0.0,0.0,0.0,0.0,0.0,0.0,0.0,0.0,0.0,0.0,0.0,0.0,0.0,0.0,0.0,0.0,0.0,0.0,0.0,0.0,0.0,0.0,0.0,0.0,0.0,0,0,0,0,0.0,0.0,0.0,0.0,0.0,0.0,0.0,0.0,0.0,0.0,0.0,0.0
2016-10-06 00:00:00+00:00,0.0,0.0,0.0,0.0,0.0,0.0,6.000000000000001,301.75719656286617,0.0,0.0,-0.850286123863369,-0.22907812906201025,0,0.0,0.0,0.0,100.0,100.0,0.0,0.0,0.0,0.0,0.0,0.0,0.0,0.0,0.0,0.0,0.0,0.0,0.0,0.0,0.0,0.0,0.0,0.0,0.0,0.0,0.0,0.0,0.0,0.0,0.0,0.0,0.0,0.0,0.0,0.0,0.0,0.0,0.0,0.0,0.0,0,0,0,0,0.0,0.0,0.0,0.0,0.0,0.0,0.0,0.0,0.0,0.0,0.0,0.0
2016-10-07 00:00:00+00:00,0.0,0.0,0.0,0.0,0.0,0.0,6.000000000000001,91.75719656286617,0.0,0.0,0.9995297472014893,0.6850914988207191,0,0.0,0.0,0.0,100.0,100.0,0.0,0.0,0.0,0.0,0.0,0.0,0.0,0.0,0.0,0.0,0.0,0.0,0.0,0.0,0.0,0.0,0.0,0.0,0.0,0.0,0.0,0.0,0.0,0.0,0.0,0.0,0.0,0.0,0.0,0.0,0.0,0.0,0.0,0.0,0.0,0,0,0,0,0.0,0.0,0.0,0.0,0.0,0.0,0.0,0.0,0.0,0.0,0.0,0.0
2016-10-08 00:00:00+00:00,0.0,0.0,0.0,0.0,0.0,0.0,6.000000000000001,241.75719656286617,0.0,0.0,-0.8809501819660861,-0.9575351547289888,0,0.0,0.0,0.0,100.0,100.0,0.0,0.0,0.0,0.0,0.0,0.0,0.0,0.0,0.0,0.0,0.0,0.0,0.0,0.0,0.0,0.0,0.0,0.0,0.0,0.0,0.0,0.0,0.0,0.0,0.0,0.0,0.0,0.0,0.0,0.0,0.0,0.0,0.0,0.0,0.0,0,0,0,0,0.0,0.0,0.0,0.0,0.0,0.0,0.0,0.0,0.0,0.0,0.0,0.0
2016-10-09 00:00:00+00:00,0.0,0.0,0.0,0.0,0.0,0.0,6.000000000000001,31.75719656286617,0.0,0.0,0.5263207269008198,0.9734080392032156,0,0.0,0.0,0.0,100.0,100.0,0.0,0.0,0.0,0.0,0.0,0.0,0.0,0.0,0.0,0.0,0.0,0.0,0.0,0.0,0.0,0.0,0.0,0.0,0.0,0.0,0.0,0.0,0.0,0.0,0.0,0.0,0.0,0.0,0.0,0.0,0.0,0.0,0.0,0.0,0.0,0,0,0,0,0.0,0.0,0.0,0.0,0.0,0.0,0.0,0.0,0.0,0.0,0.0,0.0
2016-10-10 00:00:00+00:00,0.0,0.0,0.0,0.0,0.0,0.0,6.000000000000001,181.75719656286617,0.0,0.0,-0.030664058102717114,-0.7284570256669782,0,0.0,0.0,0.0,100.0,100.0,0.0,0.0,0.0,0.0,0.0,0.0,0.0,0.0,0.0,0.0,0.0,0.0,0.0,0.0,0.0,0.0,0.0,0.0,0.0,0.0,0.0,0.0,0.0,0.0,0.0,0.0,0.0,0.0,0.0,0.0,0.0,0.0,0.0,0.0,0.0,0,0,0,0,0.0,0.0,0.0,0.0,0.0,0.0,0.0,0.0,0.0,0.0,0.0,0.0
2016-10-11 00:00:00+00:00,0.0,0.0,0.0,0.0,0.0,0.0,6.000000000000001,-28.24280343713383,0.0,0.0,-0.47320902030066947,0.28831654038249654,0,0.0,0.0,0.0,100.0,100.0,0.0,0.0,0.0,0.0,0.0,0.0,0.0,0.0,0.0,0.0,0.0,0.0,0.0,0.0,0.0,0.0,0.0,0.0,0.0,0.0,0.0,0.0,0.0,0.0,0.0,0.0,0.0,0.0,0.0,0.0,0.0,0.0,0.0,0.0,0.0,0,0,0,0,0.0,0.0,0.0,0.0,0.0,0.0,0.0,0.0,0.0,0.0,0.0,0.0
2016-10-12 00:00:00+00:00,0.0,0.0,0.0,0.0,0.0,0.0,6.000000000000001,121.75719656286617,0.0,0.0,0.8502861238633692,0.22907812906201055,0,0.0,0.0,0.0,100.0,100.0,0.0,0.0,0.0,0.0,0.0,0.0,0.0,0.0,0.0,0.0,0.0,0.0,0.0,0.0,0.0,0.0,0.0,0.0,0.0,0.0,0.0,0.0,0.0,0.0,0.0,0.0,0.0,0.0,0.0,0.0,0.0,0.0,0.0,0.0,0.0,0,0,0,0,0.0,0.0,0.0,0.0,0.0,0.0,0.0,0.0,0.0,0.0,0.0,0.0
2016-10-13 00:00:00+00:00,0.0,0.0,0.0,0.0,0.0,0.0,6.000000000000001,271.75719656286617,0.0,0.0,-0.9995297472014893,-0.6850914988207192,0,0.0,0.0,0.0,100.0,100.0,0.0,0.0,0.0,0.0,0.0,0.0,0.0,0.0,0.0,0.0,0.0,0.0,0.0,0.0,0.0,0.0,0.0,0.0,0.0,0.0,0.0,0.0,0.0,0.0,0.0,0.0,0.0,0.0,0.0,0.0,0.0,0.0,0.0,0.0,0.0,0,0,0,0,0.0,0.0,0.0,0.0,0.0,0.0,0.0,0.0,0.0,0.0,0.0,0.0
2016-10-14 00:00:00+00:00,0.0,0.0,0.0,0.0,0.0,0.0,6.000000000000001,61.75719656286617,0.0,0.0,0.8809501819660862,0.9575351547289886,0,0.0,0.0,0.0,100.0,100.0,0.0,0.0,0.0,0.0,0.0,0.0,0.0,0.0,0.0,0.0,0.0,0.0,0.0,0.0,0.0,0.0,0.0,0.0,0.0,0.0,0.0,0.0,0.0,0.0,0.0,0.0,0.0,0.0,0.0,0.0,0.0,0.0,0.0,0.0,0.0,0,0,0,0,0.0,0.0,0.0,0.0,0.0,0.0,0.0,0.0,0.0,0.0,0.0,0.0
2016-10-15 00:00:00+00:00,0.0,0.0,0.0,0.0,0.0,0.0,6.000000000000001,211.75719656286617,0.0,0.0,-0.5263207269008197,-0.9734080392032156,0,0.0,0.0,0.0,100.0,100.0,0.0,0.0,0.0,0.0,0.0,0.0,0.0,0.0,0.0,0.0,0.0,0.0,0.0,0.0,0.0,0.0,0.0,0.0,0.0,0.0,0.0,0.0,0.0,0.0,0.0,0.0,0.0,0.0,0.0,0.0,0.0,0.0,0.0,0.0,0.0,0,0,0,0,0.0,0.0,0.0,0.0,0.0,0.0,0.0,0.0,0.0,0.0,0.0,0.0
2016-10-16 00:00:00+00:00,0.0,0.0,0.0,0.0,0.0,0.0,6.000000000000001,1.75719656286617,0.0,0.0,0.030664058102717228,0.7284570256669783,0,0.0,0.0,0.0,100.0,100.0,0.0,0.0,0.0,0.0,0.0,0.0,0.0,0.0,0.0,0.0,0.0,0.0,0.0,0.0,0.0,0.0,0.0,0.0,0.0,0.0,0.0,0.0,0.0,0.0,0.0,0.0,0.0,0.0,0.0,0.0,0.0,0.0,0.0,0.0,0.0,0,0,0,0,0.0,0.0,0.0,0.0,0.0,0.0,0.0,0.0,0.0,0.0,0.0,0.0
2016-10-17 00:00:00+00:00,0.0,0.0,0.0,0.0,0.0,0.0,6.000000000000001,151.75719656286617,0.0,0.0,0.47320902030066947,-0.2883165403824966,0,0.0,0.0,0.0,100.0,100.0,0.0,0.0,0.0,0.0,0.0,0.0,0.0,0.0,0.0,0.0,0.0,0.0,0.0,0.0,0.0,0.0,0.0,0.0,0.0,0.0,0.0,0.0,0.0,0.0,0.0,0.0,0.0,0.0,0.0,0.0,0.0,0.0,0.0,0.0,0.0,0,0,0,0,0.0,0.0,0.0,0.0,0.0,0.0,0.0,0.0,0.0,0.0,0.0,0.0
2016-10-18 00:00:00+00:00,0.0,0.0,0.0,0.0,0.0,0.0,6.000000000000001,301.75719656286617,0.0,0.0,-0.850286123863369,-0.22907812906201025,0,0.0,0.0,0.0,100.0,100.0,0.0,0.0,0.0,0.0,0.0,0.0,0.0,0.0,0.0,0.0,0.0,0.0,0.0,0.0,0.0,0.0,0.0,0.0,0.0,0.0,0.0,0.0,0.0,0.0,0.0,0.0,0.0,0.0,0.0,0.0,0.0,0.0,0.0,0.0,0.0,0,0,0,0,0.0,0.0,0.0,0.0,0.0,0.0,0.0,0.0,0.0,0.0,0.0,0.0
2016-10-19 00:00:00+00:00,0.0,0.0,0.0,0.0,0.0,0.0,6.000000000000001,91.75719656286617,0.0,0.0,0.9995297472014893,0.6850914988207191,0,0.0,0.0,0.0,100.0,100.0,0.0,0.0,0.0,0.0,0.0,0.0,0.0,0.0,0.0,0.0,0.0,0.0,0.0,0.0,0.0,0.0,0.0,0.0,0.0,0.0,0.0,0.0,0.0,0.0,0.0,0.0,0.0,0.0,0.0,0.0,0.0,0.0,0.0,0.0,0.0,0,0,0,0,0.0,0.0,0.0,0.0,0.0,0.0,0.0,0.0,0.0,0.0,0.0,0.0
2016-10-20 00:00:00+00:00,0.0,0.0,0.0,0.0,0.0,0.0,6.000000000000001,241.75719656286617,0.0,0.0,-0.8809501819660861,-0.9575351547289888,0,0.0,0.0,0.0,100.0,100.0,0.0,0.0,0.0,0.0,0.0,0.0,0.0,0.0,0.0,0.0,0.0,0.0,0.0,0.0,0.0,0.0,0.0,0.0,0.0,0.0,0.0,0.0,0.0,0.0,0.0,0.0,0.0,0.0,0.0,0.0,0.0,0.0,0.0,0.0,0.0,0,0,0,0,0.0,0.0,0.0,0.0,0.0,0.0,0.0,0.0,0.0,0.0,0.0,0.0
2016-10-21 00:00:00+00:00,0.0,0.0,0.0,0.0,0.0,0.0,6.000000000000001,31.75719656286617,0.0,0.0,0.5263207269008198,0.9734080392032156,0,0.0,0.0,0.0,100.0,100.0,0.0,0.0,0.0,0.0,0.0,0.0,0.0,0.0,0.0,0.0,0.0,0.0,0.0,0.0,0.0,0.0,0.0,0.0,0.0,0.0,0.0,0.0,0.0,0.0,0.0,0.0,0.0,0.0,0.0,0.0,0.0,0.0,0.0,0.0,0.0,0,0,0,0,0.0,0.0,0.0,0.0,0.0,0.0,0.0,0.0,0.0,0.0,0.0,0.0
2016-10-22 00:00:00+00:00,0.0,0.0,0.0,0.0,0.0,0.0,6.000000000000001,181.75719656286617,0.0,0.0,-0.030664058102717114,-0.7284570256669782,0,0.0,0.0,0.0,100.0,100.0,0.0,0.0,0.0,0.0,0.0,0.0,0.0,0.0,0.0,0.0,0.0,0.0,0.0,0.0,0.0,0.0,0.0,0.0,0.0,0.0,0.0,0.0,0.0,0.0,0.0,0.0,0.0,0.0,0.0,0.0,0.0,0.0,0.0,0.0,0.0,0,0,0,0,0.0,0.0,0.0,0.0,0.0,0.0,0.0,0.0,0.0,0.0,0.0,0.0
2016-10-23 00:00:00+00:00,0.0,0.0,0.0,0.0,0.0,0.0,6.000000000000001,-28.24280343713383,0.0,0.0,-0.47320902030066947,0.28831654038249654,0,0.0,0.0,0.0,100.0,100.0,0.0,0.0,0.0,0.0,0.0,0.0,0.0,0.0,0.0,0.0,0.0,0.0,0.0,0.0,0.0,0.0,0.0,0.0,0.0,0.0,0.0,0.0,0.0,0.0,0.0,0.0,0.0,0.0,0.0,0.0,0.0,0.0,0.0,0.0,0.0,0,0,0,0,0.0,0.0,0.0,0.0,0.0,0.0,0.0,0.0,0.0,0.0,0.0,0.0
2016-10-24 00:00:00+00:00,0.0,0.0,0.0,0.0,0.0,0.0,6.000000000000001,121.75719656286617,0.0,0.0,0.8502861238633692,0.22907812906201055,0,0.0,0.0,0.0,100.0,100.0,0.0,0.0,0.0,0.0,0.0,0.0,0.0,0.0,0.0,0.0,0.0,0.0,0.0,0.0,0.0,0.0,0.0,0.0,0.0,0.0,0.0,0.0,0.0,0.0,0.0,0.0,0.0,0.0,0.0,0.0,0.0,0.0,0.0,0.0,0.0,0,0,0,0,0.0,0.0,0.0,0.0,0.0,0.0,0.0,0.0,0.0,0.0,0.0,0.0
2016-10-25 00:00:00+00:00,0.0,0.0,0.0,0.0,0.0,0.0,6.000000000000001,271.75719656286617,0.0,0.0,-0.9995297472014893,-0.6850914988207192,0,0.0,0.0,0.0,100.0,100.0,0.0,0.0,0.0,0.0,0.0,0.0,0.0,0.0,0.0,0.0,0.0,0.0,0.0,0.0,0.0,0.0,0.0,0.0,0.0,0.0,0.0,0.0,0.0,0.0,0.0,0.0,0.0,0.0,0.0,0.0,0.0,0.0,0.0,0.0,0.0,0,0,0,0,0.0,0.0,0.0,0.0,0.0,0.0,0.0,0.0,0.0,0.0,0.0,0.0
2016-10-26 00:00:00+00:00,0.0,0.0,0.0,0.0,0.0,0.0,6.000000000000001,61.75719656286617,0.0,0.0,0.8809501819660862,0.9575351547289886,0,0.0,0.0,0.0,100.0,100.0,0.0,0.0,0.0,0.0,0.0,0.0,0.0,0.0,0.0,0.0,0.0,0.0,0.0,0.0,0.0,0.0,0.0,0.0,0.0,0.0,0.0,0.0,0.0,0.0,0.0,0.0,0.0,0.0,0.0,0.0,0.0,0.0,0.0,0.0,0.0,0,0,0,0,0.0,0.0,0.0,0.0,0.0,0.0,0.0,0.0,0.0,0.0,0.0,0.0
2016-10-27 00:00:00+00:00,0.0,0.0,0.0,0.0,0.0,0.0,6.000000000000001,211.75719656286617,0.0,0.0,-0.5263207269008197,-0.9734080392032156,0,0.0,0.0,0.0,100.0,100.0,0.0,0.0,0.0,0.0,0.0,0.0,0.0,0.0,0.0,0.0,0.0,0.0,0.0,0.0,0.0,0.0,0.0,0.0,0.0,0.0,0.0,0.0,0.0,0.0,0.0,0.0,0.0,0.0,0.0,0.0,0.0,0.0,0.0,0.0,0.0,0,0,0,0,0.0,0.0,0.0,0.0,0.0,0.0,0.0,0.0,0.0,0.0,0.0,0.0
2016-10-28 00:00:00+00:00,0.0,0.0,0.0,0.0,0.0,0.0,6.000000000000001,1.75719656286617,0.0,0.0,0.030664058102717228,0.7284570256669783,0,0.0,0.0,0.0,100.0,100.0,0.0,0.0,0.0,0.0,0.0,0.0,0.0,0.0,0.0,0.0,0.0,0.0,0.0,0.0,0.0,0.0,0.0,0.0,0.0,0.0,0.0,0.0,0.0,0.0,0.0,0.0,0.0,0.0,0.0,0.0,0.0,0.0,0.0,0.0,0.0,0,0,0,0,0.0,0.0,0.0,0.0,0.0,0.0,0.0,0.0,0.0,0.0,0.0,0.0
2016-10-29 00:00:00+00:00,0.0,0.0,0.0,0.0,0.0,0.0,6.000000000000001,151.75719656286617,0.0,0.0,0.47320902030066947,-0.2883165403824966,0,0.0,0.0,0.0,100.0,100.0,0.0,0.0,0.0,0.0,0.0,0.0,0.0,0.0,0.0,0.0,0.0,0.0,0.0,0.0,0.0,0.0,0.0,0.0,0.0,0.0,0.0,0.0,0.0,0.0,0.0,0.0,0.0,0.0,0.0,0.0,0.0,0.0,0.0,0.0,0.0,0,0,0,0,0.0,0.0,0.0,0.0,0.0,0.0,0.0,0.0,0.0,0.0,0.0,0.0
2016-10-30 00:00:00+00:00,0.0,0.0,0.0,0.0,0.0,0.0,6.000000000000001,301.75719656286617,0.0,0.0,-0.850286123863369,-0.22907812906201025,0,0.0,0.0,0.0,100.0,100.0,0.0,0.0,0.0,0.0,0.0,0.0,0.0,0.0,0.0,0.0,0.0,0.0,0.0,0.0,0.0,0.0,0.0,0.0,0.0,0.0,0.0,0.0,0.0,0.0,0.0,0.0,0.0,0.0,0.0,0.0,0.0,0.0,0.0,0.0,0.0,0,0,0,0,0.0,0.0,0.0,0.0,0.0,0.0,0.0,0.0,0.0,0.0,0.0,0.0
2016-10-31 00:00:00+00:00,0.0,0.0,0.0,0.0,0.0,0.0,6.000000000000001,91.75719656286617,0.0,0.0,0.9995297472014893,0.6850914988207191,0,0.0,0.0,0.0,100.0,100.0,0.0,0.0,0.0,0.0,0.0,0.0,0.0,0.0,0.0,0.0,0.0,0.0,0.0,0.0,0.0,0.0,0.0,0.0,0.0,0.0,0.0,0.0,0.0,0.0,0.0,0.0,0.0,0.0,0.0,0.0,0.0,0.0,0.0,0.0,0.0,0,0,0,0,0.0,0.0,0.0,0.0,0.0,0.0,0.0,0.0,0.0,0.0,0.0,0.0
2016-11-01 00:00:00+00:00,0.0,0.0,0.0,0.0,0.0,0.0,6.000000000000001,241.75719656286617,0.0,0.0,-0.8809501819660861,-0.9575351547289888,0,0.0,0.0,0.0,100.0,100.0,0.0,0.0,0.0,0.0,0.0,0.0,0.0,0.0,0.0,0.0,0.0,0.0,0.0,0.0,0.0,0.0,0.0,0.0,0.0,0.0,0.0,0.0,0.0,0.0,0.0,0.0,0.0,0.0,0.0,0.0,0.0,0.0,0.0,0.0,0.0,0,0,0,0,0.0,0.0,0.0,0.0,0.0,0.0,0.0,0.0,0.0,0.0,0.0,0.0
2016-11-02 00:00:00+00:00,0.0,0.0,0.0,0.0,0.0,0.0,6.000000000000001,31.75719656286617,0.0,0.0,0.5263207269008198,0.9734080392032156,0,0.0,0.0,0.0,100.0,100.0,0.0,0.0,0.0,0.0,0.0,0.0,0.0,0.0,0.0,0.0,0.0,0.0,0.0,0.0,0.0,0.0,0.0,0.0,0.0,0.0,0.0,0.0,0.0,0.0,0.0,0.0,0.0,0.0,0.0,0.0,0.0,0.0,0.0,0.0,0.0,0,0,0,0,0.0,0.0,0.0,0.0,0.0,0.0,0.0,0.0,0.0,0.0,0.0,0.0
2016-11-03 00:00:00+00:00,0.0,0.0,0.0,0.0,0.0,0.0,6.000000000000001,181.75719656286617,0.0,0.0,-0.030664058102717114,-0.7284570256669782,0,0.0,0.0,0.0,100.0,100.0,0.0,0.0,0.0,0.0,0.0,0.0,0.0,0.0,0.0,0.0,0.0,0.0,0.0,0.0,0.0,0.0,0.0,0.0,0.0,0.0,0.0,0.0,0.0,0.0,0.0,0.0,0.0,0.0,0.0,0.0,0.0,0.0,0.0,0.0,0.0,0,0,0,0,0.0,0.0,0.0,0.0,0.0,0.0,0.0,0.0,0.0,0.0,0.0,0.0
2016-11-04 00:00:00+00:00,0.0,0.0,0.0,0.0,0.0,0.0,6.000000000000001,-28.24280343713383,0.0,0.0,-0.47320902030066947,0.28831654038249654,0,0.0,0.0,0.0,100.0,100.0,0.0,0.0,0.0,0.0,0.0,0.0,0.0,0.0,0.0,0.0,0.0,0.0,0.0,0.0,0.0,0.0,0.0,0.0,0.0,0.0,0.0,0.0,0.0,0.0,0.0,0.0,0.0,0.0,0.0,0.0,0.0,0.0,0.0,0.0,0.0,0,0,0,0,0.0,0.0,0.0,0.0,0.0,0.0,0.0,0.0,0.0,0.0,0.0,0.0
2016-11-05 00:00:00+00:00,0.0,0.0,0.0,0.0,0.0,0.0,6.000000000000001,121.75719656286617,0.0,0.0,0.8502861238633692,0.22907812906201055,0,0.0,0.0,0.0,100.0,100.0,0.0,0.0,0.0,0.0,0.0,0.0,0.0,0.0,0.0,0.0,0.0,0.0,0.0,0.0,0.0,0.0,0.0,0.0,0.0,0.0,0.0,0.0,0.0,0.0,0.0,0.0,0.0,0.0,0.0,0.0,0.0,0.0,0.0,0.0,0.0,0,0,0,0,0.0,0.0,0.0,0.0,0.0,0.0,0.0,0.0,0.0,0.0,0.0,0.0
2016-11-06 00:00:00+00:00,0.0,0.0,0.0,0.0,0.0,0.0,6.000000000000001,271.75719656286617,0.0,0.0,-0.9995297472014893,-0.6850914988207192,0,0.0,0.0,0.0,100.0,100.0,0.0,0.0,0.0,0.0,0.0,0.0,0.0,0.0,0.0,0.0,0.0,0.0,0.0,0.0,0.0,0.0,0.0,0.0,0.0,0.0,0.0,0.0,0.0,0.0,0.0,0.0,0.0,0.0,0.0,0.0,0.0,0.0,0.0,0.0,0.0,0,0,0,0,0.0,0.0,0.0,0.0,0.0,0.0,0.0,0.0,0.0,0.0,0.0,0.0
2016-11-07 00:00:00+00:00,0.0,0.0,0.0,0.0,0.0,0.0,6.000000000000001,61.75719656286617,0.0,0.0,0.8809501819660862,0.9575351547289886,0,0.0,0.0,0.0,100.0,100.0,0.0,0.0,0.0,0.0,0.0,0.0,0.0,0.0,0.0,0.0,0.0,0.0,0.0,0.0,0.0,0.0,0.0,0.0,0.0,0.0,0.0,0.0,0.0,0.0,0.0,0.0,0.0,0.0,0.0,0.0,0.0,0.0,0.0,0.0,0.0,0,0,0,0,0.0,0.0,0.0,0.0,0.0,0.0,0.0,0.0,0.0,0.0,0.0,0.0
2016-11-08 00:00:00+00:00,0.0,0.0,0.0,0.0,0.0,0.0,6.000000000000001,211.75719656286617,0.0,0.0,-0.5263207269008197,-0.9734080392032156,0,0.0,0.0,0.0,100.0,100.0,0.0,0.0,0.0,0.0,0.0,0.0,0.0,0.0,0.0,0.0,0.0,0.0,0.0,0.0,0.0,0.0,0.0,0.0,0.0,0.0,0.0,0.0,0.0,0.0,0.0,0.0,0.0,0.0,0.0,0.0,0.0,0.0,0.0,0.0,0.0,0,0,0,0,0.0,0.0,0.0,0.0,0.0,0.0,0.0,0.0,0.0,0.0,0.0,0.0
2016-11-09 00:00:00+00:00,0.0,0.0,0.0,0.0,0.0,0.0,6.000000000000001,1.75719656286617,0.0,0.0,0.030664058102717228,0.7284570256669783,0,0.0,0.0,0.0,100.0,100.0,0.0,0.0,0.0,0.0,0.0,0.0,0.0,0.0,0.0,0.0,0.0,0.0,0.0,0.0,0.0,0.0,0.0,0.0,0.0,0.0,0.0,0.0,0.0,0.0,0.0,0.0,0.0,0.0,0.0,0.0,0.0,0.0,0.0,0.0,0.0,0,0,0,0,0.0,0.0,0.0,0.0,0.0,0.0,0.0,0.0,0.0,0.0,0.0,0.0
2016-11-10 00:00:00+00:00,0.0,0.0,0.0,0.0,0.0,0.0,6.000000000000001,151.75719656286617,0.0,0.0,0.47320902030066947,-0.2883165403824966,0,0.0,0.0,0.0,100.0,100.0,0.0,0.0,0.0,0.0,0.0,0.0,0.0,0.0,0.0,0.0,0.0,0.0,0.0,0.0,0.0,0.0,0.0,0.0,0.0,0.0,0.0,0.0,0.0,0.0,0.0,0.0,0.0,0.0,0.0,0.0,0.0,0.0,0.0,0.0,0.0,0,0,0,0,0.0,0.0,0.0,0.0,0.0,0.0,0.0,0.0,0.0,0.0,0.0,0.0
2016-11-11 00:00:00+00:00,0.0,0.0,0.0,0.0,0.0,0.0,6.000000000000001,301.75719656286617,0.0,0.0,-0.850286123863369,-0.22907812906201025,0,0.0,0.0,0.0,100.0,100.0,0.0,0.0,0.0,0.0,0.0,0.0,0.0,0.0,0.0,0.0,0.0,0.0,0.0,0.0,0.0,0.0,0.0,0.0,0.0,0.0,0.0,0.0,0.0,0.0,0.0,0.0,0.0,0.0,0.0,0.0,0.0,0.0,0.0,0.0,0.0,0,0,0,0,0.0,0.0,0.0,0.0,0.0,0.0,0.0,0.0,0.0,0.0,0.0,0.0
2016-11-12 00:00:00+00:00,0.0,0.0,0.0,0.0,0.0,0.0,6.000000000000001,91.75719656286617,0.0,0.0,0.9995297472014893,0.6850914988207191,0,0.0,0.0,0.0,100.0,100.0,0.0,0.0,0.0,0.0,0.0,0.0,0.0,0.0,0.0,0.0,0.0,0.0,0.0,0.0,0.0,0.0,0.0,0.0,0.0,0.0,0.0,0.0,0.0,0.0,0.0,0.0,0.0,0.0,0.0,0.0,0.0,0.0,0.0,0.0,0.0,0,0,0,0,0.0,0.0,0.0,0.0,0.0,0.0,0.0,0.0,0.0,0.0,0.0,0.0
2016-11-13 00:00:00+00:00,0.0,0.0,0.0,0.0,0.0,0.0,6.000000000000001,241.75719656286617,0.0,0.0,-0.8809501819660861,-0.9575351547289888,0,0.0,0.0,0.0,100.0,100.0,0.0,0.0,0.0,0.0,0.0,0.0,0.0,0.0,0.0,0.0,0.0,0.0,0.0,0.0,0.0,0.0,0.0,0.0,0.0,0.0,0.0,0.0,0.0,0.0,0.0,0.0,0.0,0.0,0.0,0.0,0.0,0.0,0.0,0.0,0.0,0,0,0,0,0.0,0.0,0.0,0.0,0.0,0.0,0.0,0.0,0.0,0.0,0.0,0.0
2016-11-14 00:00:00+00:00,0.0,0.0,0.0,0.0,0.0,0.0,6.000000000000001,31.75719656286617,0.0,0.0,0.5263207269008198,0.9734080392032156,0,0.0,0.0,0.0,100.0,100.0,0.0,0.0,0.0,0.0,0.0,0.0,0.0,0.0,0.0,0.0,0.0,0.0,0.0,0.0,0.0,0.0,0.0,0.0,0.0,0.0,0.0,0.0,0.0,0.0,0.0,0.0,0.0,0.0,0.0,0.0,0.0,0.0,0.0,0.0,0.0,0,0,0,0,0.0,0.0,0.0,0.0,0.0,0.0,0.0,0.0,0.0,0.0,0.0,0.0
2016-11-15 00:00:00+00:00,0.0,0.0,0.0,0.0,0.0,0.0,6.000000000000001,181.75719656286617,0.0,0.0,-0.030664058102717114,-0.7284570256669782,0,0.0,0.0,0.0,100.0,100.0,0.0,0.0,0.0,0.0,0.0,0.0,0.0,0.0,0.0,0.0,0.0,0.0,0.0,0.0,0.0,0.0,0.0,0.0,0.0,0.0,0.0,0.0,0.0,0.0,0.0,0.0,0.0,0.0,0.0,0.0,0.0,0.0,0.0,0.0,0.0,0,0,0,0,0.0,0.0,0.0,0.0,0.0,0.0,0.0,0.0,0.0,0.0,0.0,0.0
2016-11-16 00:00:00+00:00,0.0,0.0,0.0,0.0,0.0,0.0,6.000000000000001,-28.24280343713383,0.0,0.0,-0.47320902030066947,0.28831654038249654,0,0.0,0.0,0.0,100.0,100.0,0.0,0.0,0.0,0.0,0.0,0.0,0.0,0.0,0.0,0.0,0.0,0.0,0.0,0.0,0.0,0.0,0.0,0.0,0.0,0.0,0.0,0.0,0.0,0.0,0.0,0.0,0.0,0.0,0.0,0.0,0.0,0.0,0.0,0.0,0.0,0,0,0,0,0.0,0.0,0.0,0.0,0.0,0.0,0.0,0.0,0.0,0.0,0.0,0.0
2016-11-17 00:00:00+00:00,0.0,0.0,0.0,0.0,0.0,0.0,6.000000000000001,121.75719656286617,0.0,0.0,0.8502861238633692,0.22907812906201055,0,0.0,0.0,0.0,100.0,100.0,0.0,0.0,0.0,0.0,0.0,0.0,0.0,0.0,0.0,0.0,0.0,0.0,0.0,0.0,0.0,0.0,0.0,0.0,0.0,0.0,0.0,0.0,0.0,0.0,0.0,0.0,0.0,0.0,0.0,0.0,0.0,0.0,0.0,0.0,0.0,0,0,0,0,0.0,0.0,0.0,0.0,0.0,0.0,0.0,0.0,0.0,0.0,0.0,0.0
2016-11-18 00:00:00+00:00,0.0,0.0,0.0,0.0,0.0,0.0,6.000000000000001,271.75719656286617,0.0,0.0,-0.9995297472014893,-0.6850914988207192,0,0.0,0.0,0.0,100.0,100.0,0.0,0.0,0.0,0.0,0.0,0.0,0.0,0.0,0.0,0.0,0.0,0.0,0.0,0.0,0.0,0.0,0.0,0.0,0.0,0.0,0.0,0.0,0.0,0.0,0.0,0.0,0.0,0.0,0.0,0.0,0.0,0.0,0.0,0.0,0.0,0,0,0,0,0.0,0.0,0.0,0.0,0.0,0.0,0.0,0.0,0.0,0.0,0.0,0.0
2016-11-19 00:00:00+00:00,0.0,0.0,0.0,0.0,0.0,0.0,6.000000000000001,61.75719656286617,0.0,0.0,0.8809501819660862,0.9575351547289886,0,0.0,0.0,0.0,100.0,100.0,0.0,0.0,0.0,0.0,0.0,0.0,0.0,0.0,0.0,0.0,0.0,0.0,0.0,0.0,0.0,0.0,0.0,0.0,0.0,0.0,0.0,0.0,0.0,0.0,0.0,0.0,0.0,0.0,0.0,0.0,0.0,0.0,0.0,0.0,0.0,0,0,0,0,0.0,0.0,0.0,0.0,0.0,0.0,0.0,0.0,0.0,0.0,0.0,0.0
2016-11-20 00:00:00+00:00,0.0,0.0,0.0,0.0,0.0,0.0,6.000000000000001,211.75719656286617,0.0,0.0,-0.5263207269008197,-0.9734080392032156,0,0.0,0.0,0.0,100.0,100.0,0.0,0.0,0.0,0.0,0.0,0.0,0.0,0.0,0.0,0.0,0.0,0.0,0.0,0.0,0.0,0.0,0.0,0.0,0.0,0.0,0.0,0.0,0.0,0.0,0.0,0.0,0.0,0.0,0.0,0.0,0.0,0.0,0.0,0.0,0.0,0,0,0,0,0.0,0.0,0.0,0.0,0.0,0.0,0.0,0.0,0.0,0.0,0.0,0.0
2016-11-21 00:00:00+00:00,0.0,0.0,0.0,0.0,0.0,0.0,6.000000000000001,1.75719656286617,0.0,0.0,0.030664058102717228,0.7284570256669783,0,0.0,0.0,0.0,100.0,100.0,0.0,0.0,0.0,0.0,0.0,0.0,0.0,0.0,0.0,0.0,0.0,0.0,0.0,0.0,0.0,0.0,0.0,0.0,0.0,0.0,0.0,0.0,0.0,0.0,0.0,0.0,0.0,0.0,0.0,0.0,0.0,0.0,0.0,0.0,0.0,0,0,0,0,0.0,0.0,0.0,0.0,0.0,0.0,0.0,0.0,0.0,0.0,0.0,0.0
2016-11-22 00:00:00+00:00,0.0,0.0,0.0,0.0,0.0,0.0,6.000000000000001,151.75719656286617,0.0,0.0,0.47320902030066947,-0.2883165403824966,0,0.0,0.0,0.0,100.0,100.0,0.0,0.0,0.0,0.0,0.0,0.0,0.0,0.0,0.0,0.0,0.0,0.0,0.0,0.0,0.0,0.0,0.0,0.0,0.0,0.0,0.0,0.0,0.0,0.0,0.0,0.0,0.0,0.0,0.0,0.0,0.0,0.0,0.0,0.0,0.0,0,0,0,0,0.0,0.0,0.0,0.0,0.0,0.0,0.0,0.0,0.0,0.0,0.0,0.0
2016-11-23 00:00:00+00:00,0.0,0.0,0.0,0.0,0.0,0.0,6.000000000000001,301.75719656286617,0.0,0.0,-0.850286123863369,-0.22907812906201025,0,0.0,0.0,0.0,100.0,100.0,0.0,0.0,0.0,0.0,0.0,0.0,0.0,0.0,0.0,0.0,0.0,0.0,0.0,0.0,0.0,0.0,0.0,0.0,0.0,0.0,0.0,0.0,0.0,0.0,0.0,0.0,0.0,0.0,0.0,0.0,0.0,0.0,0.0,0.0,0.0,0,0,0,0,0.0,0.0,0.0,0.0,0.0,0.0,0.0,0.0,0.0,0.0,0.0,0.0
2016-11-24 00:00:00+00:00,0.0,0.0,0.0,0.0,0.0,0.0,6.000000000000001,91.75719656286617,0.0,0.0,0.9995297472014893,0.6850914988207191,0,0.0,0.0,0.0,100.0,100.0,0.0,0.0,0.0,0.0,0.0,0.0,0.0,0.0,0.0,0.0,0.0,0.0,0.0,0.0,0.0,0.0,0.0,0.0,0.0,0.0,0.0,0.0,0.0,0.0,0.0,0.0,0.0,0.0,0.0,0.0,0.0,0.0,0.0,0.0,0.0,0,0,0,0,0.0,0.0,0.0,0.0,0.0,0.0,0.0,0.0,0.0,0.0,0.0,0.0
2016-11-25 00:00:00+00:00,0.0,0.0,0.0,0.0,0.0,0.0,6.000000000000001,241.75719656286617,0.0,0.0,-0.8809501819660861,-0.9575351547289888,0,0.0,0.0,0.0,100.0,100.0,0.0,0.0,0.0,0.0,0.0,0.0,0.0,0.0,0.0,0.0,0.0,0.0,0.0,0.0,0.0,0.0,0.0,0.0,0.0,0.0,0.0,0.0,0.0,0.0,0.0,0.0,0.0,0.0,0.0,0.0,0.0,0.0,0.0,0.0,0.0,0,0,0,0,0.0,0.0,0.0,0.0,0.0,0.0,0.0,0.0,0.0,0.0,0.0,0.0
2016-11-26 00:00:00+00:00,0.0,0.0,0.0,0.0,0.0,0.0,6.000000000000001,31.75719656286617,0.0,0.0,0.5263207269008198,0.9734080392032156,0,0.0,0.0,0.0,100.0,100.0,0.0,0.0,0.0,0.0,0.0,0.0,0.0,0.0,0.0,0.0,0.0,0.0,0.0,0.0,0.0,0.0,0.0,0.0,0.0,0.0,0.0,0.0,0.0,0.0,0.0,0.0,0.0,0.0,0.0,0.0,0.0,0.0,0.0,0.0,0.0,0,0,0,0,0.0,0.0,0.0,0.0,0.0,0.0,0.0,0.0,0.0,0.0,0.0,0.0
2016-11-27 00:00:00+00:00,0.0,0.0,0.0,0.0,0.0,0.0,6.000000000000001,181.75719656286617,0.0,0.0,-0.030664058102717114,-0.7284570256669782,0,0.0,0.0,0.0,100.0,100.0,0.0,0.0,0.0,0.0,0.0,0.0,0.0,0.0,0.0,0.0,0.0,0.0,0.0,0.0,0.0,0.0,0.0,0.0,0.0,0.0,0.0,0.0,0.0,0.0,0.0,0.0,0.0,0.0,0.0,0.0,0.0,0.0,0.0,0.0,0.0,0,0,0,0,0.0,0.0,0.0,0.0,0.0,0.0,0.0,0.0,0.0,0.0,0.0,0.0
2016-11-28 00:00:00+00:00,0.0,0.0,0.0,0.0,0.0,0.0,6.000000000000001,-28.24280343713383,0.0,0.0,-0.47320902030066947,0.28831654038249654,0,0.0,0.0,0.0,100.0,100.0,0.0,0.0,0.0,0.0,0.0,0.0,0.0,0.0,0.0,0.0,0.0,0.0,0.0,0.0,0.0,0.0,0.0,0.0,0.0,0.0,0.0,0.0,0.0,0.0,0.0,0.0,0.0,0.0,0.0,0.0,0.0,0.0,0.0,0.0,0.0,0,0,0,0,0.0,0.0,0.0,0.0,0.0,0.0,0.0,0.0,0.0,0.0,0.0,0.0
2016-11-29 00:00:00+00:00,0.0,0.0,0.0,0.0,0.0,0.0,6.000000000000001,121.75719656286617,0.0,0.0,0.8502861238633692,0.22907812906201055,0,0.0,0.0,0.0,100.0,100.0,0.0,0.0,0.0,0.0,0.0,0.0,0.0,0.0,0.0,0.0,0.0,0.0,0.0,0.0,0.0,0.0,0.0,0.0,0.0,0.0,0.0,0.0,0.0,0.0,0.0,0.0,0.0,0.0,0.0,0.0,0.0,0.0,0.0,0.0,0.0,0,0,0,0,0.0,0.0,0.0,0.0,0.0,0.0,0.0,0.0,0.0,0.0,0.0,0.0
2016-11-30 00:00:00+00:00,0.0,0.0,0.0,0.0,0.0,0.0,6.000000000000001,271.75719656286617,0.0,0.0,-0.9995297472014893,-0.6850914988207192,0,0.0,0.0,0.0,100.0,100.0,0.0,0.0,0.0,0.0,0.0,0.0,0.0,0.0,0.0,0.0,0.0,0.0,0.0,0.0,0.0,0.0,0.0,0.0,0.0,0.0,0.0,0.0,0.0,0.0,0.0,0.0,0.0,0.0,0.0,0.0,0.0,0.0,0.0,0.0,0.0,0,0,0,0,0.0,0.0,0.0,0.0,0.0,0.0,0.0,0.0,0.0,0.0,0.0,0.0
2016-12-01 00:00:00+00:00,0.0,0.0,0.0,0.0,0.0,0.0,6.000000000000001,61.75719656286617,0.0,0.0,0.8809501819660862,0.9575351547289886,0,0.0,0.0,0.0,100.0,100.0,0.0,0.0,0.0,0.0,0.0,0.0,0.0,0.0,0.0,0.0,0.0,0.0,0.0,0.0,0.0,0.0,0.0,0.0,0.0,0.0,0.0,0.0,0.0,0.0,0.0,0.0,0.0,0.0,0.0,0.0,0.0,0.0,0.0,0.0,0.0,0,0,0,0,0.0,0.0,0.0,0.0,0.0,0.0,0.0,0.0,0.0,0.0,0.0,0.0
2016-12-02 00:00:00+00:00,0.0,0.0,0.0,0.0,0.0,0.0,6.000000000000001,211.75719656286617,0.0,0.0,-0.5263207269008197,-0.9734080392032156,0,0.0,0.0,0.0,100.0,100.0,0.0,0.0,0.0,0.0,0.0,0.0,0.0,0.0,0.0,0.0,0.0,0.0,0.0,0.0,0.0,0.0,0.0,0.0,0.0,0.0,0.0,0.0,0.0,0.0,0.0,0.0,0.0,0.0,0.0,0.0,0.0,0.0,0.0,0.0,0.0,0,0,0,0,0.0,0.0,0.0,0.0,0.0,0.0,0.0,0.0,0.0,0.0,0.0,0.0
2016-12-03 00:00:00+00:00,0.0,0.0,0.0,0.0,0.0,0.0,6.000000000000001,1.75719656286617,0.0,0.0,0.030664058102717228,0.7284570256669783,0,0.0,0.0,0.0,100.0,100.0,0.0,0.0,0.0,0.0,0.0,0.0,0.0,0.0,0.0,0.0,0.0,0.0,0.0,0.0,0.0,0.0,0.0,0.0,0.0,0.0,0.0,0.0,0.0,0.0,0.0,0.0,0.0,0.0,0.0,0.0,0.0,0.0,0.0,0.0,0.0,0,0,0,0,0.0,0.0,0.0,0.0,0.0,0.0,0.0,0.0,0.0,0.0,0.0,0.0
2016-12-04 00:00:00+00:00,0.0,0.0,0.0,0.0,0.0,0.0,6.000000000000001,151.75719656286617,0.0,0.0,0.47320902030066947,-0.2883165403824966,0,0.0,0.0,0.0,100.0,100.0,0.0,0.0,0.0,0.0,0.0,0.0,0.0,0.0,0.0,0.0,0.0,0.0,0.0,0.0,0.0,0.0,0.0,0.0,0.0,0.0,0.0,0.0,0.0,0.0,0.0,0.0,0.0,0.0,0.0,0.0,0.0,0.0,0.0,0.0,0.0,0,0,0,0,0.0,0.0,0.0,0.0,0.0,0.0,0.0,0.0,0.0,0.0,0.0,0.0
2016-12-05 00:00:00+00:00,0.0,0.0,0.0,0.0,0.0,0.0,6.000000000000001,301.75719656286617,0.0,0.0,-0.850286123863369,-0.22907812906201025,0,0.0,0.0,0.0,100.0,100.0,0.0,0.0,0.0,0.0,0.0,0.0,0.0,0.0,0.0,0.0,0.0,0.0,0.0,0.0,0.0,0.0,0.0,0.0,0.0,0.0,0.0,0.0,0.0,0.0,0.0,0.0,0.0,0.0,0.0,0.0,0.0,0.0,0.0,0.0,0.0,0,0,0,0,0.0,0.0,0.0,0.0,0.0,0.0,0.0,0.0,0.0,0.0,0.0,0.0
2016-12-06 00:00:00+00:00,0.0,0.0,0.0,0.0,0.0,0.0,6.000000000000001,91.75719656286617,0.0,0.0,0.9995297472014893,0.6850914988207191,0,0.0,0.0,0.0,100.0,100.0,0.0,0.0,0.0,0.0,0.0,0.0,0.0,0.0,0.0,0.0,0.0,0.0,0.0,0.0,0.0,0.0,0.0,0.0,0.0,0.0,0.0,0.0,0.0,0.0,0.0,0.0,0.0,0.0,0.0,0.0,0.0,0.0,0.0,0.0,0.0,0,0,0,0,0.0,0.0,0.0,0.0,0.0,0.0,0.0,0.0,0.0,0.0,0.0,0.0
2016-12-07 00:00:00+00:00,0.0,0.0,0.0,0.0,0.0,0.0,6.000000000000001,241.75719656286617,0.0,0.0,-0.8809501819660861,-0.9575351547289888,0,0.0,0.0,0.0,100.0,100.0,0.0,0.0,0.0,0.0,0.0,0.0,0.0,0.0,0.0,0.0,0.0,0.0,0.0,0.0,0.0,0.0,0.0,0.0,0.0,0.0,0.0,0.0,0.0,0.0,0.0,0.0,0.0,0.0,0.0,0.0,0.0,0.0,0.0,0.0,0.0,0,0,0,0,0.0,0.0,0.0,0.0,0.0,0.0,0.0,0.0,0.0,0.0,0.0,0.0
2016-12-08 00:00:00+00:00,0.0,0.0,0.0,0.0,0.0,0.0,6.000000000000001,31.75719656286617,0.0,0.0,0.5263207269008198,0.9734080392032156,0,0.0,0.0,0.0,100.0,100.0,0.0,0.0,0.0,0.0,0.0,0.0,0.0,0.0,0.0,0.0,0.0,0.0,0.0,0.0,0.0,0.0,0.0,0.0,0.0,0.0,0.0,0.0,0.0,0.0,0.0,0.0,0.0,0.0,0.0,0.0,0.0,0.0,0.0,0.0,0.0,0,0,0,0,0.0,0.0,0.0,0.0,0.0,0.0,0.0,0.0,0.0,0.0,0.0,0.0
2016-12-09 00:00:00+00:00,0.0,0.0,0.0,0.0,0.0,0.0,6.000000000000001,181.75719656286617,0.0,0.0,-0.030664058102717114,-0.7284570256669782,0,0.0,0.0,0.0,100.0,100.0,0.0,0.0,0.0,0.0,0.0,0.0,0.0,0.0,0.0,0.0,0.0,0.0,0.0,0.0,0.0,0.0,0.0,0.0,0.0,0.0,0.0,0.0,0.0,0.0,0.0,0.0,0.0,0.0,0.0,0.0,0.0,0.0,0.0,0.0,0.0,0,0,0,0,0.0,0.0,0.0,0.0,0.0,0.0,0.0,0.0,0.0,0.0,0.0,0.0
2016-12-10 00:00:00+00:00,0.0,0.0,0.0,0.0,0.0,0.0,6.000000000000001,-28.24280343713383,0.0,0.0,-0.47320902030066947,0.28831654038249654,0,0.0,0.0,0.0,100.0,100.0,0.0,0.0,0.0,0.0,0.0,0.0,0.0,0.0,0.0,0.0,0.0,0.0,0.0,0.0,0.0,0.0,0.0,0.0,0.0,0.0,0.0,0.0,0.0,0.0,0.0,0.0,0.0,0.0,0.0,0.0,0.0,0.0,0.0,0.0,0.0,0,0,0,0,0.0,0.0,0.0,0.0,0.0,0.0,0.0,0.0,0.0,0.0,0.0,0.0
2016-12-11 00:00:00+00:00,0.0,0.0,0.0,0.0,0.0,0.0,6.000000000000001,121.75719656286617,0.0,0.0,0.8502861238633692,0.22907812906201055,0,0.0,0.0,0.0,100.0,100.0,0.0,0.0,0.0,0.0,0.0,0.0,0.0,0.0,0.0,0.0,0.0,0.0,0.0,0.0,0.0,0.0,0.0,0.0,0.0,0.0,0.0,0.0,0.0,0.0,0.0,0.0,0.0,0.0,0.0,0.0,0.0,0.0,0.0,0.0,0.0,0,0,0,0,0.0,0.0,0.0,0.0,0.0,0.0,0.0,0.0,0.0,0.0,0.0,0.0
2016-12-12 00:00:00+00:00,0.0,0.0,0.0,0.0,0.0,0.0,6.000000000000001,271.75719656286617,0.0,0.0,-0.9995297472014893,-0.6850914988207192,0,0.0,0.0,0.0,100.0,100.0,0.0,0.0,0.0,0.0,0.0,0.0,0.0,0.0,0.0,0.0,0.0,0.0,0.0,0.0,0.0,0.0,0.0,0.0,0.0,0.0,0.0,0.0,0.0,0.0,0.0,0.0,0.0,0.0,0.0,0.0,0.0,0.0,0.0,0.0,0.0,0,0,0,0,0.0,0.0,0.0,0.0,0.0,0.0,0.0,0.0,0.0,0.0,0.0,0.0
2016-12-13 00:00:00+00:00,0.0,0.0,0.0,0.0,0.0,0.0,6.000000000000001,61.75719656286617,0.0,0.0,0.8809501819660862,0.9575351547289886,0,0.0,0.0,0.0,100.0,100.0,0.0,0.0,0.0,0.0,0.0,0.0,0.0,0.0,0.0,0.0,0.0,0.0,0.0,0.0,0.0,0.0,0.0,0.0,0.0,0.0,0.0,0.0,0.0,0.0,0.0,0.0,0.0,0.0,0.0,0.0,0.0,0.0,0.0,0.0,0.0,0,0,0,0,0.0,0.0,0.0,0.0,0.0,0.0,0.0,0.0,0.0,0.0,0.0,0.0
2016-12-14 00:00:00+00:00,0.0,0.0,0.0,0.0,0.0,0.0,6.000000000000001,211.75719656286617,0.0,0.0,-0.5263207269008197,-0.9734080392032156,0,0.0,0.0,0.0,100.0,100.0,0.0,0.0,0.0,0.0,0.0,0.0,0.0,0.0,0.0,0.0,0.0,0.0,0.0,0.0,0.0,0.0,0.0,0.0,0.0,0.0,0.0,0.0,0.0,0.0,0.0,0.0,0.0,0.0,0.0,0.0,0.0,0.0,0.0,0.0,0.0,0,0,0,0,0.0,0.0,0.0,0.0,0.0,0.0,0.0,0.0,0.0,0.0,0.0,0.0
2016-12-15 00:00:00+00:00,0.0,0.0,0.0,0.0,0.0,0.0,6.000000000000001,1.75719656286617,0.0,0.0,0.030664058102717228,0.7284570256669783,0,0.0,0.0,0.0,100.0,100.0,0.0,0.0,0.0,0.0,0.0,0.0,0.0,0.0,0.0,0.0,0.0,0.0,0.0,0.0,0.0,0.0,0.0,0.0,0.0,0.0,0.0,0.0,0.0,0.0,0.0,0.0,0.0,0.0,0.0,0.0,0.0,0.0,0.0,0.0,0.0,0,0,0,0,0.0,0.0,0.0,0.0,0.0,0.0,0.0,0.0,0.0,0.0,0.0,0.0
2016-12-16 00:00:00+00:00,0.0,0.0,0.0,0.0,0.0,0.0,6.000000000000001,151.75719656286617,0.0,0.0,0.47320902030066947,-0.2883165403824966,0,0.0,0.0,0.0,100.0,100.0,0.0,0.0,0.0,0.0,0.0,0.0,0.0,0.0,0.0,0.0,0.0,0.0,0.0,0.0,0.0,0.0,0.0,0.0,0.0,0.0,0.0,0.0,0.0,0.0,0.0,0.0,0.0,0.0,0.0,0.0,0.0,0.0,0.0,0.0,0.0,0,0,0,0,0.0,0.0,0.0,0.0,0.0,0.0,0.0,0.0,0.0,0.0,0.0,0.0
2016-12-17 00:00:00+00:00,0.0,0.0,0.0,0.0,0.0,0.0,6.000000000000001,301.75719656286617,0.0,0.0,-0.850286123863369,-0.22907812906201025,0,0.0,0.0,0.0,100.0,100.0,0.0,0.0,0.0,0.0,0.0,0.0,0.0,0.0,0.0,0.0,0.0,0.0,0.0,0.0,0.0,0.0,0.0,0.0,0.0,0.0,0.0,0.0,0.0,0.0,0.0,0.0,0.0,0.0,0.0,0.0,0.0,0.0,0.0,0.0,0.0,0,0,0,0,0.0,0.0,0.0,0.0,0.0,0.0,0.0,0.0,0.0,0.0,0.0,0.0
2016-12-18 00:00:00+00:00,0.0,0.0,0.0,0.0,0.0,0.0,6.000000000000001,91.75719656286617,0.0,0.0,0.9995297472014893,0.6850914988207191,0,0.0,0.0,0.0,100.0,100.0,0.0,0.0,0.0,0.0,0.0,0.0,0.0,0.0,0.0,0.0,0.0,0.0,0.0,0.0,0.0,0.0,0.0,0.0,0.0,0.0,0.0,0.0,0.0,0.0,0.0,0.0,0.0,0.0,0.0,0.0,0.0,0.0,0.0,0.0,0.0,0,0,0,0,0.0,0.0,0.0,0.0,0.0,0.0,0.0,0.0,0.0,0.0,0.0,0.0
2016-12-19 00:00:00+00:00,0.0,0.0,0.0,0.0,0.0,0.0,6.000000000000001,241.75719656286617,0.0,0.0,-0.8809501819660861,-0.9575351547289888,0,0.0,0.0,0.0,100.0,100.0,0.0,0.0,0.0,0.0,0.0,0.0,0.0,0.0,0.0,0.0,0.0,0.0,0.0,0.0,0.0,0.0,0.0,0.0,0.0,0.0,0.0,0.0,0.0,0.0,0.0,0.0,0.0,0.0,0.0,0.0,0.0,0.0,0.0,0.0,0.0,0,0,0,0,0.0,0.0,0.0,0.0,0.0,0.0,0.0,0.0,0.0,0.0,0.0,0.0
2016-12-20 00:00:00+00:00,0.0,0.0,0.0,0.0,0.0,0.0,6.000000000000001,31.75719656286617,0.0,0.0,0.5263207269008198,0.9734080392032156,0,0.0,0.0,0.0,100.0,100.0,0.0,0.0,0.0,0.0,0.0,0.0,0.0,0.0,0.0,0.0,0.0,0.0,0.0,0.0,0.0,0.0,0.0,0.0,0.0,0.0,0.0,0.0,0.0,0.0,0.0,0.0,0.0,0.0,0.0,0.0,0.0,0.0,0.0,0.0,0.0,0,0,0,0,0.0,0.0,0.0,0.0,0.0,0.0,0.0,0.0,0.0,0.0,0.0,0.0
2016-12-21 00:00:00+00:00,0.0,0.0,0.0,0.0,0.0,0.0,6.000000000000001,181.75719656286617,0.0,0.0,-0.030664058102717114,-0.7284570256669782,0,0.0,0.0,0.0,100.0,100.0,0.0,0.0,0.0,0.0,0.0,0.0,0.0,0.0,0.0,0.0,0.0,0.0,0.0,0.0,0.0,0.0,0.0,0.0,0.0,0.0,0.0,0.0,0.0,0.0,0.0,0.0,0.0,0.0,0.0,0.0,0.0,0.0,0.0,0.0,0.0,0,0,0,0,0.0,0.0,0.0,0.0,0.0,0.0,0.0,0.0,0.0,0.0,0.0,0.0
2016-12-22 00:00:00+00:00,0.0,0.0,0.0,0.0,0.0,0.0,6.000000000000001,-28.24280343713383,0.0,0.0,-0.47320902030066947,0.28831654038249654,0,0.0,0.0,0.0,100.0,100.0,0.0,0.0,0.0,0.0,0.0,0.0,0.0,0.0,0.0,0.0,0.0,0.0,0.0,0.0,0.0,0.0,0.0,0.0,0.0,0.0,0.0,0.0,0.0,0.0,0.0,0.0,0.0,0.0,0.0,0.0,0.0,0.0,0.0,0.0,0.0,0,0,0,0,0.0,0.0,0.0,0.0,0.0,0.0,0.0,0.0,0.0,0.0,0.0,0.0
2016-12-23 00:00:00+00:00,0.0,0.0,0.0,0.0,0.0,0.0,6.000000000000001,121.75719656286617,0.0,0.0,0.8502861238633692,0.22907812906201055,0,0.0,0.0,0.0,100.0,100.0,0.0,0.0,0.0,0.0,0.0,0.0,0.0,0.0,0.0,0.0,0.0,0.0,0.0,0.0,0.0,0.0,0.0,0.0,0.0,0.0,0.0,0.0,0.0,0.0,0.0,0.0,0.0,0.0,0.0,0.0,0.0,0.0,0.0,0.0,0.0,0,0,0,0,0.0,0.0,0.0,0.0,0.0,0.0,0.0,0.0,0.0,0.0,0.0,0.0
2016-12-24 00:00:00+00:00,0.0,0.0,0.0,0.0,0.0,0.0,6.000000000000001,271.75719656286617,0.0,0.0,-0.9995297472014893,-0.6850914988207192,0,0.0,0.0,0.0,100.0,100.0,0.0,0.0,0.0,0.0,0.0,0.0,0.0,0.0,0.0,0.0,0.0,0.0,0.0,0.0,0.0,0.0,0.0,0.0,0.0,0.0,0.0,0.0,0.0,0.0,0.0,0.0,0.0,0.0,0.0,0.0,0.0,0.0,0.0,0.0,0.0,0,0,0,0,0.0,0.0,0.0,0.0,0.0,0.0,0.0,0.0,0.0,0.0,0.0,0.0
2016-12-25 00:00:00+00:00,0.0,0.0,0.0,0.0,0.0,0.0,6.000000000000001,61.75719656286617,0.0,0.0,0.8809501819660862,0.9575351547289886,0,0.0,0.0,0.0,100.0,100.0,0.0,0.0,0.0,0.0,0.0,0.0,0.0,0.0,0.0,0.0,0.0,0.0,0.0,0.0,0.0,0.0,0.0,0.0,0.0,0.0,0.0,0.0,0.0,0.0,0.0,0.0,0.0,0.0,0.0,0.0,0.0,0.0,0.0,0.0,0.0,0,0,0,0,0.0,0.0,0.0,0.0,0.0,0.0,0.0,0.0,0.0,0.0,0.0,0.0
2016-12-26 00:00:00+00:00,0.0,0.0,0.0,0.0,0.0,0.0,6.000000000000001,211.75719656286617,0.0,0.0,-0.5263207269008197,-0.9734080392032156,0,0.0,0.0,0.0,100.0,100.0,0.0,0.0,0.0,0.0,0.0,0.0,0.0,0.0,0.0,0.0,0.0,0.0,0.0,0.0,0.0,0.0,0.0,0.0,0.0,0.0,0.0,0.0,0.0,0.0,0.0,0.0,0.0,0.0,0.0,0.0,0.0,0.0,0.0,0.0,0.0,0,0,0,0,0.0,0.0,0.0,0.0,0.0,0.0,0.0,0.0,0.0,0.0,0.0,0.0
2016-12-27 00:00:00+00:00,0.0,0.0,0.0,0.0,0.0,0.0,6.000000000000001,1.75719656286617,0.0,0.0,0.030664058102717228,0.7284570256669783,0,0.0,0.0,0.0,100.0,100.0,0.0,0.0,0.0,0.0,0.0,0.0,0.0,0.0,0.0,0.0,0.0,0.0,0.0,0.0,0.0,0.0,0.0,0.0,0.0,0.0,0.0,0.0,0.0,0.0,0.0,0.0,0.0,0.0,0.0,0.0,0.0,0.0,0.0,0.0,0.0,0,0,0,0,0.0,0.0,0.0,0.0,0.0,0.0,0.0,0.0,0.0,0.0,0.0,0.0
2016-12-28 00:00:00+00:00,0.0,0.0,0.0,0.0,0.0,0.0,6.000000000000001,151.75719656286617,0.0,0.0,0.47320902030066947,-0.2883165403824966,0,0.0,0.0,0.0,100.0,100.0,0.0,0.0,0.0,0.0,0.0,0.0,0.0,0.0,0.0,0.0,0.0,0.0,0.0,0.0,0.0,0.0,0.0,0.0,0.0,0.0,0.0,0.0,0.0,0.0,0.0,0.0,0.0,0.0,0.0,0.0,0.0,0.0,0.0,0.0,0.0,0,0,0,0,0.0,0.0,0.0,0.0,0.0,0.0,0.0,0.0,0.0,0.0,0.0,0.0
2016-12-29 00:00:00+00:00,0.0,0.0,0.0,0.0,0.0,0.0,6.000000000000001,301.75719656286617,0.0,0.0,-0.850286123863369,-0.22907812906201025,0,0.0,0.0,0.0,100.0,100.0,0.0,0.0,0.0,0.0,0.0,0.0,0.0,0.0,0.0,0.0,0.0,0.0,0.0,0.0,0.0,0.0,0.0,0.0,0.0,0.0,0.0,0.0,0.0,0.0,0.0,0.0,0.0,0.0,0.0,0.0,0.0,0.0,0.0,0.0,0.0,0,0,0,0,0.0,0.0,0.0,0.0,0.0,0.0,0.0,0.0,0.0,0.0,0.0,0.0
2016-12-30 00:00:00+00:00,0.0,0.0,0.0,0.0,0.0,0.0,6.000000000000001,91.75719656286617,0.0,0.0,0.9995297472014893,0.6850914988207191,0,0.0,0.0,0.0,100.0,100.0,0.0,0.0,0.0,0.0,0.0,0.0,0.0,0.0,0.0,0.0,0.0,0.0,0.0,0.0,0.0,0.0,0.0,0.0,0.0,0.0,0.0,0.0,0.0,0.0,0.0,0.0,0.0,0.0,0.0,0.0,0.0,0.0,0.0,0.0,0.0,0,0,0,0,0.0,0.0,0.0,0.0,0.0,0.0,0.0,0.0,0.0,0.0,0.0,0.0
2016-12-31 00:00:00+00:00,0.0,0.0,0.0,0.0,0.0,0.0,6.000000000000001,241.75719656286617,0.0,0.0,-0.8809501819660861,-0.9575351547289888,0,0.0,0.0,0.0,100.0,100.0,0.0,0.0,0.0,0.0,0.0,0.0,0.0,0.0,0.0,0.0,0.0,0.0,0.0,0.0,0.0,0.0,0.0,0.0,0.0,0.0,0.0,0.0,0.0,0.0,0.0,0.0,0.0,0.0,0.0,0.0,0.0,0.0,0.0,0.0,0.0,0,0,0,0,0.0,0.0,0.0,0.0,0.0,0.0,0.0,0.0,0.0,0.0,0.0,0.0
2017-01-01 00:00:00+00:00,0.0,0.0,0.0,0.0,0.0,0.0,6.000000000000001,31.75719656286617,0.0,0.0,0.5263207269008198,0.9734080392032156,0,0.0,0.0,0.0,100.0,100.0,0.0,0.0,0.0,0.0,0.0,0.0,0.0,0.0,0.0,0.0,0.0,0.0,0.0,0.0,0.0,0.0,0.0,0.0,0.0,0.0,0.0,0.0,0.0,0.0,0.0,0.0,0.0,0.0,0.0,0.0,0.0,0.0,0.0,0.0,0.0,0,0,0,0,0.0,0.0,0.0,0.0,0.0,0.0,0.0,0.0,0.0,0.0,0.0,0.0
2017-01-02 00:00:00+00:00,0.0,0.0,0.0,0.0,0.0,0.0,6.000000000000001,181.75719656286617,0.0,0.0,-0.030664058102717114,-0.7284570256669782,0,0.0,0.0,0.0,100.0,100.0,0.0,0.0,0.0,0.0,0.0,0.0,0.0,0.0,0.0,0.0,0.0,0.0,0.0,0.0,0.0,0.0,0.0,0.0,0.0,0.0,0.0,0.0,0.0,0.0,0.0,0.0,0.0,0.0,0.0,0.0,0.0,0.0,0.0,0.0,0.0,0,0,0,0,0.0,0.0,0.0,0.0,0.0,0.0,0.0,0.0,0.0,0.0,0.0,0.0
2017-01-03 00:00:00+00:00,0.0,0.0,0.0,0.0,0.0,0.0,6.000000000000001,-28.24280343713383,0.0,0.0,-0.47320902030066947,0.28831654038249654,0,0.0,0.0,0.0,100.0,100.0,0.0,0.0,0.0,0.0,0.0,0.0,0.0,0.0,0.0,0.0,0.0,0.0,0.0,0.0,0.0,0.0,0.0,0.0,0.0,0.0,0.0,0.0,0.0,0.0,0.0,0.0,0.0,0.0,0.0,0.0,0.0,0.0,0.0,0.0,0.0,0,0,0,0,0.0,0.0,0.0,0.0,0.0,0.0,0.0,0.0,0.0,0.0,0.0,0.0
2017-01-04 00:00:00+00:00,0.0,0.0,0.0,0.0,0.0,0.0,6.000000000000001,121.75719656286617,0.0,0.0,0.8502861238633692,0.22907812906201055,0,0.0,0.0,0.0,100.0,100.0,0.0,0.0,0.0,0.0,0.0,0.0,0.0,0.0,0.0,0.0,0.0,0.0,0.0,0.0,0.0,0.0,0.0,0.0,0.0,0.0,0.0,0.0,0.0,0.0,0.0,0.0,0.0,0.0,0.0,0.0,0.0,0.0,0.0,0.0,0.0,0,0,0,0,0.0,0.0,0.0,0.0,0.0,0.0,0.0,0.0,0.0,0.0,0.0,0.0
2017-01-05 00:00:00+00:00,0.0,0.0,0.0,0.0,0.0,0.0,6.000000000000001,271.75719656286617,0.0,0.0,-0.9995297472014893,-0.6850914988207192,0,0.0,0.0,0.0,100.0,100.0,0.0,0.0,0.0,0.0,0.0,0.0,0.0,0.0,0.0,0.0,0.0,0.0,0.0,0.0,0.0,0.0,0.0,0.0,0.0,0.0,0.0,0.0,0.0,0.0,0.0,0.0,0.0,0.0,0.0,0.0,0.0,0.0,0.0,0.0,0.0,0,0,0,0,0.0,0.0,0.0,0.0,0.0,0.0,0.0,0.0,0.0,0.0,0.0,0.0
2017-01-06 00:00:00+00:00,0.0,0.0,0.0,0.0,0.0,0.0,6.000000000000001,61.75719656286617,0.0,0.0,0.8809501819660862,0.9575351547289886,0,0.0,0.0,0.0,100.0,100.0,0.0,0.0,0.0,0.0,0.0,0.0,0.0,0.0,0.0,0.0,0.0,0.0,0.0,0.0,0.0,0.0,0.0,0.0,0.0,0.0,0.0,0.0,0.0,0.0,0.0,0.0,0.0,0.0,0.0,0.0,0.0,0.0,0.0,0.0,0.0,0,0,0,0,0.0,0.0,0.0,0.0,0.0,0.0,0.0,0.0,0.0,0.0,0.0,0.0
2017-01-07 00:00:00+00:00,0.0,0.0,0.0,0.0,0.0,0.0,6.000000000000001,211.75719656286617,0.0,0.0,-0.5263207269008197,-0.9734080392032156,0,0.0,0.0,0.0,100.0,100.0,0.0,0.0,0.0,0.0,0.0,0.0,0.0,0.0,0.0,0.0,0.0,0.0,0.0,0.0,0.0,0.0,0.0,0.0,0.0,0.0,0.0,0.0,0.0,0.0,0.0,0.0,0.0,0.0,0.0,0.0,0.0,0.0,0.0,0.0,0.0,0,0,0,0,0.0,0.0,0.0,0.0,0.0,0.0,0.0,0.0,0.0,0.0,0.0,0.0
2017-01-08 00:00:00+00:00,0.0,0.0,0.0,0.0,0.0,0.0,6.000000000000001,1.75719656286617,0.0,0.0,0.030664058102717228,0.7284570256669783,0,0.0,0.0,0.0,100.0,100.0,0.0,0.0,0.0,0.0,0.0,0.0,0.0,0.0,0.0,0.0,0.0,0.0,0.0,0.0,0.0,0.0,0.0,0.0,0.0,0.0,0.0,0.0,0.0,0.0,0.0,0.0,0.0,0.0,0.0,0.0,0.0,0.0,0.0,0.0,0.0,0,0,0,0,0.0,0.0,0.0,0.0,0.0,0.0,0.0,0.0,0.0,0.0,0.0,0.0
2017-01-09 00:00:00+00:00,0.0,0.0,0.0,0.0,0.0,0.0,6.000000000000001,151.75719656286617,0.0,0.0,0.47320902030066947,-0.2883165403824966,0,0.0,0.0,0.0,100.0,100.0,0.0,0.0,0.0,0.0,0.0,0.0,0.0,0.0,0.0,0.0,0.0,0.0,0.0,0.0,0.0,0.0,0.0,0.0,0.0,0.0,0.0,0.0,0.0,0.0,0.0,0.0,0.0,0.0,0.0,0.0,0.0,0.0,0.0,0.0,0.0,0,0,0,0,0.0,0.0,0.0,0.0,0.0,0.0,0.0,0.0,0.0,0.0,0.0,0.0
2017-01-10 00:00:00+00:00,0.0,0.0,0.0,0.0,0.0,0.0,6.000000000000001,301.75719656286617,0.0,0.0,-0.850286123863369,-0.22907812906201025,0,0.0,0.0,0.0,100.0,100.0,0.0,0.0,0.0,0.0,0.0,0.0,0.0,0.0,0.0,0.0,0.0,0.0,0.0,0.0,0.0,0.0,0.0,0.0,0.0,0.0,0.0,0.0,0.0,0.0,0.0,0.0,0.0,0.0,0.0,0.0,0.0,0.0,0.0,0.0,0.0,0,0,0,0,0.0,0.0,0.0,0.0,0.0,0.0,0.0,0.0,0.0,0.0,0.0,0.0
2017-01-11 00:00:00+00:00,0.0,0.0,0.0,0.0,0.0,0.0,6.000000000000001,91.75719656286617,0.0,0.0,0.9995297472014893,0.6850914988207191,0,0.0,0.0,0.0,100.0,100.0,0.0,0.0,0.0,0.0,0.0,0.0,0.0,0.0,0.0,0.0,0.0,0.0,0.0,0.0,0.0,0.0,0.0,0.0,0.0,0.0,0.0,0.0,0.0,0.0,0.0,0.0,0.0,0.0,0.0,0.0,0.0,0.0,0.0,0.0,0.0,0,0,0,0,0.0,0.0,0.0,0.0,0.0,0.0,0.0,0.0,0.0,0.0,0.0,0.0
2017-01-12 00:00:00+00:00,0.0,0.0,0.0,0.0,0.0,0.0,6.000000000000001,241.75719656286617,0.0,0.0,-0.8809501819660861,-0.9575351547289888,0,0.0,0.0,0.0,100.0,100.0,0.0,0.0,0.0,0.0,0.0,0.0,0.0,0.0,0.0,0.0,0.0,0.0,0.0,0.0,0.0,0.0,0.0,0.0,0.0,0.0,0.0,0.0,0.0,0.0,0.0,0.0,0.0,0.0,0.0,0.0,0.0,0.0,0.0,0.0,0.0,0,0,0,0,0.0,0.0,0.0,0.0,0.0,0.0,0.0,0.0,0.0,0.0,0.0,0.0
2017-01-13 00:00:00+00:00,0.0,0.0,0.0,0.0,0.0,0.0,6.000000000000001,31.75719656286617,0.0,0.0,0.5263207269008198,0.9734080392032156,0,0.0,0.0,0.0,100.0,100.0,0.0,0.0,0.0,0.0,0.0,0.0,0.0,0.0,0.0,0.0,0.0,0.0,0.0,0.0,0.0,0.0,0.0,0.0,0.0,0.0,0.0,0.0,0.0,0.0,0.0,0.0,0.0,0.0,0.0,0.0,0.0,0.0,0.0,0.0,0.0,0,0,0,0,0.0,0.0,0.0,0.0,0.0,0.0,0.0,0.0,0.0,0.0,0.0,0.0
2017-01-14 00:00:00+00:00,0.0,0.0,0.0,0.0,0.0,0.0,6.000000000000001,181.75719656286617,0.0,0.0,-0.030664058102717114,-0.7284570256669782,0,0.0,0.0,0.0,100.0,100.0,0.0,0.0,0.0,0.0,0.0,0.0,0.0,0.0,0.0,0.0,0.0,0.0,0.0,0.0,0.0,0.0,0.0,0.0,0.0,0.0,0.0,0.0,0.0,0.0,0.0,0.0,0.0,0.0,0.0,0.0,0.0,0.0,0.0,0.0,0.0,0,0,0,0,0.0,0.0,0.0,0.0,0.0,0.0,0.0,0.0,0.0,0.0,0.0,0.0
2017-01-15 00:00:00+00:00,0.0,0.0,0.0,0.0,0.0,0.0,6.000000000000001,-28.24280343713383,0.0,0.0,-0.47320902030066947,0.28831654038249654,0,0.0,0.0,0.0,100.0,100.0,0.0,0.0,0.0,0.0,0.0,0.0,0.0,0.0,0.0,0.0,0.0,0.0,0.0,0.0,0.0,0.0,0.0,0.0,0.0,0.0,0.0,0.0,0.0,0.0,0.0,0.0,0.0,0.0,0.0,0.0,0.0,0.0,0.0,0.0,0.0,0,0,0,0,0.0,0.0,0.0,0.0,0.0,0.0,0.0,0.0,0.0,0.0,0.0,0.0
2017-01-16 00:00:00+00:00,0.0,0.0,0.0,0.0,0.0,0.0,6.000000000000001,121.75719656286617,0.0,0.0,0.8502861238633692,0.22907812906201055,0,0.0,0.0,0.0,100.0,100.0,0.0,0.0,0.0,0.0,0.0,0.0,0.0,0.0,0.0,0.0,0.0,0.0,0.0,0.0,0.0,0.0,0.0,0.0,0.0,0.0,0.0,0.0,0.0,0.0,0.0,0.0,0.0,0.0,0.0,0.0,0.0,0.0,0.0,0.0,0.0,0,0,0,0,0.0,0.0,0.0,0.0,0.0,0.0,0.0,0.0,0.0,0.0,0.0,0.0
2017-01-17 00:00:00+00:00,0.0,0.0,0.0,0.0,0.0,0.0,6.000000000000001,271.75719656286617,0.0,0.0,-0.9995297472014893,-0.6850914988207192,0,0.0,0.0,0.0,100.0,100.0,0.0,0.0,0.0,0.0,0.0,0.0,0.0,0.0,0.0,0.0,0.0,0.0,0.0,0.0,0.0,0.0,0.0,0.0,0.0,0.0,0.0,0.0,0.0,0.0,0.0,0.0,0.0,0.0,0.0,0.0,0.0,0.0,0.0,0.0,0.0,0,0,0,0,0.0,0.0,0.0,0.0,0.0,0.0,0.0,0.0,0.0,0.0,0.0,0.0
2017-01-18 00:00:00+00:00,0.0,0.0,0.0,0.0,0.0,0.0,6.000000000000001,61.75719656286617,0.0,0.0,0.8809501819660862,0.9575351547289886,0,0.0,0.0,0.0,100.0,100.0,0.0,0.0,0.0,0.0,0.0,0.0,0.0,0.0,0.0,0.0,0.0,0.0,0.0,0.0,0.0,0.0,0.0,0.0,0.0,0.0,0.0,0.0,0.0,0.0,0.0,0.0,0.0,0.0,0.0,0.0,0.0,0.0,0.0,0.0,0.0,0,0,0,0,0.0,0.0,0.0,0.0,0.0,0.0,0.0,0.0,0.0,0.0,0.0,0.0
2017-01-19 00:00:00+00:00,0.0,0.0,0.0,0.0,0.0,0.0,6.000000000000001,211.75719656286617,0.0,0.0,-0.5263207269008197,-0.9734080392032156,0,0.0,0.0,0.0,100.0,100.0,0.0,0.0,0.0,0.0,0.0,0.0,0.0,0.0,0.0,0.0,0.0,0.0,0.0,0.0,0.0,0.0,0.0,0.0,0.0,0.0,0.0,0.0,0.0,0.0,0.0,0.0,0.0,0.0,0.0,0.0,0.0,0.0,0.0,0.0,0.0,0,0,0,0,0.0,0.0,0.0,0.0,0.0,0.0,0.0,0.0,0.0,0.0,0.0,0.0
2017-01-20 00:00:00+00:00,0.0,0.0,0.0,0.0,0.0,0.0,6.000000000000001,1.75719656286617,0.0,0.0,0.030664058102717228,0.7284570256669783,0,0.0,0.0,0.0,100.0,100.0,0.0,0.0,0.0,0.0,0.0,0.0,0.0,0.0,0.0,0.0,0.0,0.0,0.0,0.0,0.0,0.0,0.0,0.0,0.0,0.0,0.0,0.0,0.0,0.0,0.0,0.0,0.0,0.0,0.0,0.0,0.0,0.0,0.0,0.0,0.0,0,0,0,0,0.0,0.0,0.0,0.0,0.0,0.0,0.0,0.0,0.0,0.0,0.0,0.0
2017-01-21 00:00:00+00:00,0.0,0.0,0.0,0.0,0.0,0.0,6.000000000000001,151.75719656286617,0.0,0.0,0.47320902030066947,-0.2883165403824966,0,0.0,0.0,0.0,100.0,100.0,0.0,0.0,0.0,0.0,0.0,0.0,0.0,0.0,0.0,0.0,0.0,0.0,0.0,0.0,0.0,0.0,0.0,0.0,0.0,0.0,0.0,0.0,0.0,0.0,0.0,0.0,0.0,0.0,0.0,0.0,0.0,0.0,0.0,0.0,0.0,0,0,0,0,0.0,0.0,0.0,0.0,0.0,0.0,0.0,0.0,0.0,0.0,0.0,0.0
2017-01-22 00:00:00+00:00,0.0,0.0,0.0,0.0,0.0,0.0,6.000000000000001,301.75719656286617,0.0,0.0,-0.850286123863369,-0.22907812906201025,0,0.0,0.0,0.0,100.0,100.0,0.0,0.0,0.0,0.0,0.0,0.0,0.0,0.0,0.0,0.0,0.0,0.0,0.0,0.0,0.0,0.0,0.0,0.0,0.0,0.0,0.0,0.0,0.0,0.0,0.0,0.0,0.0,0.0,0.0,0.0,0.0,0.0,0.0,0.0,0.0,0,0,0,0,0.0,0.0,0.0,0.0,0.0,0.0,0.0,0.0,0.0,0.0,0.0,0.0
2017-01-23 00:00:00+00:00,0.0,0.0,0.0,0.0,0.0,0.0,6.000000000000001,91.75719656286617,0.0,0.0,0.9995297472014893,0.6850914988207191,0,0.0,0.0,0.0,100.0,100.0,0.0,0.0,0.0,0.0,0.0,0.0,0.0,0.0,0.0,0.0,0.0,0.0,0.0,0.0,0.0,0.0,0.0,0.0,0.0,0.0,0.0,0.0,0.0,0.0,0.0,0.0,0.0,0.0,0.0,0.0,0.0,0.0,0.0,0.0,0.0,0,0,0,0,0.0,0.0,0.0,0.0,0.0,0.0,0.0,0.0,0.0,0.0,0.0,0.0
2017-01-24 00:00:00+00:00,0.0,0.0,0.0,0.0,0.0,0.0,6.000000000000001,241.75719656286617,0.0,0.0,-0.8809501819660861,-0.9575351547289888,0,0.0,0.0,0.0,100.0,100.0,0.0,0.0,0.0,0.0,0.0,0.0,0.0,0.0,0.0,0.0,0.0,0.0,0.0,0.0,0.0,0.0,0.0,0.0,0.0,0.0,0.0,0.0,0.0,0.0,0.0,0.0,0.0,0.0,0.0,0.0,0.0,0.0,0.0,0.0,0.0,0,0,0,0,0.0,0.0,0.0,0.0,0.0,0.0,0.0,0.0,0.0,0.0,0.0,0.0
2017-01-25 00:00:00+00:00,0.0,0.0,0.0,0.0,0.0,0.0,6.000000000000001,31.75719656286617,0.0,0.0,0.5263207269008198,0.9734080392032156,0,0.0,0.0,0.0,100.0,100.0,0.0,0.0,0.0,0.0,0.0,0.0,0.0,0.0,0.0,0.0,0.0,0.0,0.0,0.0,0.0,0.0,0.0,0.0,0.0,0.0,0.0,0.0,0.0,0.0,0.0,0.0,0.0,0.0,0.0,0.0,0.0,0.0,0.0,0.0,0.0,0,0,0,0,0.0,0.0,0.0,0.0,0.0,0.0,0.0,0.0,0.0,0.0,0.0,0.0
2017-01-26 00:00:00+00:00,0.0,0.0,0.0,0.0,0.0,0.0,6.000000000000001,181.75719656286617,0.0,0.0,-0.030664058102717114,-0.7284570256669782,0,0.0,0.0,0.0,100.0,100.0,0.0,0.0,0.0,0.0,0.0,0.0,0.0,0.0,0.0,0.0,0.0,0.0,0.0,0.0,0.0,0.0,0.0,0.0,0.0,0.0,0.0,0.0,0.0,0.0,0.0,0.0,0.0,0.0,0.0,0.0,0.0,0.0,0.0,0.0,0.0,0,0,0,0,0.0,0.0,0.0,0.0,0.0,0.0,0.0,0.0,0.0,0.0,0.0,0.0
2017-01-27 00:00:00+00:00,0.0,0.0,0.0,0.0,0.0,0.0,6.000000000000001,-28.24280343713383,0.0,0.0,-0.47320902030066947,0.28831654038249654,0,0.0,0.0,0.0,100.0,100.0,0.0,0.0,0.0,0.0,0.0,0.0,0.0,0.0,0.0,0.0,0.0,0.0,0.0,0.0,0.0,0.0,0.0,0.0,0.0,0.0,0.0,0.0,0.0,0.0,0.0,0.0,0.0,0.0,0.0,0.0,0.0,0.0,0.0,0.0,0.0,0,0,0,0,0.0,0.0,0.0,0.0,0.0,0.0,0.0,0.0,0.0,0.0,0.0,0.0
2017-01-28 00:00:00+00:00,0.0,0.0,0.0,0.0,0.0,0.0,6.000000000000001,121.75719656286617,0.0,0.0,0.8502861238633692,0.22907812906201055,0,0.0,0.0,0.0,100.0,100.0,0.0,0.0,0.0,0.0,0.0,0.0,0.0,0.0,0.0,0.0,0.0,0.0,0.0,0.0,0.0,0.0,0.0,0.0,0.0,0.0,0.0,0.0,0.0,0.0,0.0,0.0,0.0,0.0,0.0,0.0,0.0,0.0,0.0,0.0,0.0,0,0,0,0,0.0,0.0,0.0,0.0,0.0,0.0,0.0,0.0,0.0,0.0,0.0,0.0
2017-01-29 00:00:00+00:00,0.0,0.0,0.0,0.0,0.0,0.0,6.000000000000001,271.75719656286617,0.0,0.0,-0.9995297472014893,-0.6850914988207192,0,0.0,0.0,0.0,100.0,100.0,0.0,0.0,0.0,0.0,0.0,0.0,0.0,0.0,0.0,0.0,0.0,0.0,0.0,0.0,0.0,0.0,0.0,0.0,0.0,0.0,0.0,0.0,0.0,0.0,0.0,0.0,0.0,0.0,0.0,0.0,0.0,0.0,0.0,0.0,0.0,0,0,0,0,0.0,0.0,0.0,0.0,0.0,0.0,0.0,0.0,0.0,0.0,0.0,0.0
2017-01-30 00:00:00+00:00,0.0,0.0,0.0,0.0,0.0,0.0,6.000000000000001,61.75719656286617,0.0,0.0,0.8809501819660862,0.9575351547289886,0,0.0,0.0,0.0,100.0,100.0,0.0,0.0,0.0,0.0,0.0,0.0,0.0,0.0,0.0,0.0,0.0,0.0,0.0,0.0,0.0,0.0,0.0,0.0,0.0,0.0,0.0,0.0,0.0,0.0,0.0,0.0,0.0,0.0,0.0,0.0,0.0,0.0,0.0,0.0,0.0,0,0,0,0,0.0,0.0,0.0,0.0,0.0,0.0,0.0,0.0,0.0,0.0,0.0,0.0
2017-01-31 00:00:00+00:00,0.0,0.0,0.0,0.0,0.0,0.0,6.000000000000001,211.75719656286617,0.0,0.0,-0.5263207269008197,-0.9734080392032156,0,0.0,0.0,0.0,100.0,100.0,0.0,0.0,0.0,0.0,0.0,0.0,0.0,0.0,0.0,0.0,0.0,0.0,0.0,0.0,0.0,0.0,0.0,0.0,0.0,0.0,0.0,0.0,0.0,0.0,0.0,0.0,0.0,0.0,0.0,0.0,0.0,0.0,0.0,0.0,0.0,0,0,0,0,0.0,0.0,0.0,0.0,0.0,0.0,0.0,0.0,0.0,0.0,0.0,0.0
2017-02-01 00:00:00+00:00,0.0,0.0,0.0,0.0,0.0,0.0,6.000000000000001,1.75719656286617,0.0,0.0,0.030664058102717228,0.7284570256669783,0,0.0,0.0,0.0,100.0,100.0,0.0,0.0,0.0,0.0,0.0,0.0,0.0,0.0,0.0,0.0,0.0,0.0,0.0,0.0,0.0,0.0,0.0,0.0,0.0,0.0,0.0,0.0,0.0,0.0,0.0,0.0,0.0,0.0,0.0,0.0,0.0,0.0,0.0,0.0,0.0,0,0,0,0,0.0,0.0,0.0,0.0,0.0,0.0,0.0,0.0,0.0,0.0,0.0,0.0
2017-02-02 00:00:00+00:00,0.0,0.0,0.0,0.0,0.0,0.0,6.000000000000001,151.75719656286617,0.0,0.0,0.47320902030066947,-0.2883165403824966,0,0.0,0.0,0.0,100.0,100.0,0.0,0.0,0.0,0.0,0.0,0.0,0.0,0.0,0.0,0.0,0.0,0.0,0.0,0.0,0.0,0.0,0.0,0.0,0.0,0.0,0.0,0.0,0.0,0.0,0.0,0.0,0.0,0.0,0.0,0.0,0.0,0.0,0.0,0.0,0.0,0,0,0,0,0.0,0.0,0.0,0.0,0.0,0.0,0.0,0.0,0.0,0.0,0.0,0.0
2017-02-03 00:00:00+00:00,0.0,0.0,0.0,0.0,0.0,0.0,6.000000000000001,301.75719656286617,0.0,0.0,-0.850286123863369,-0.22907812906201025,0,0.0,0.0,0.0,100.0,100.0,0.0,0.0,0.0,0.0,0.0,0.0,0.0,0.0,0.0,0.0,0.0,0.0,0.0,0.0,0.0,0.0,0.0,0.0,0.0,0.0,0.0,0.0,0.0,0.0,0.0,0.0,0.0,0.0,0.0,0.0,0.0,0.0,0.0,0.0,0.0,0,0,0,0,0.0,0.0,0.0,0.0,0.0,0.0,0.0,0.0,0.0,0.0,0.0,0.0
2017-02-04 00:00:00+00:00,0.0,0.0,0.0,0.0,0.0,0.0,6.000000000000001,91.75719656286617,0.0,0.0,0.9995297472014893,0.6850914988207191,0,0.0,0.0,0.0,100.0,100.0,0.0,0.0,0.0,0.0,0.0,0.0,0.0,0.0,0.0,0.0,0.0,0.0,0.0,0.0,0.0,0.0,0.0,0.0,0.0,0.0,0.0,0.0,0.0,0.0,0.0,0.0,0.0,0.0,0.0,0.0,0.0,0.0,0.0,0.0,0.0,0,0,0,0,0.0,0.0,0.0,0.0,0.0,0.0,0.0,0.0,0.0,0.0,0.0,0.0
2017-02-05 00:00:00+00:00,0.0,0.0,0.0,0.0,0.0,0.0,6.000000000000001,241.75719656286617,0.0,0.0,-0.8809501819660861,-0.9575351547289888,0,0.0,0.0,0.0,100.0,100.0,0.0,0.0,0.0,0.0,0.0,0.0,0.0,0.0,0.0,0.0,0.0,0.0,0.0,0.0,0.0,0.0,0.0,0.0,0.0,0.0,0.0,0.0,0.0,0.0,0.0,0.0,0.0,0.0,0.0,0.0,0.0,0.0,0.0,0.0,0.0,0,0,0,0,0.0,0.0,0.0,0.0,0.0,0.0,0.0,0.0,0.0,0.0,0.0,0.0
2017-02-06 00:00:00+00:00,0.0,0.0,0.0,0.0,0.0,0.0,6.000000000000001,31.75719656286617,0.0,0.0,0.5263207269008198,0.9734080392032156,0,0.0,0.0,0.0,100.0,100.0,0.0,0.0,0.0,0.0,0.0,0.0,0.0,0.0,0.0,0.0,0.0,0.0,0.0,0.0,0.0,0.0,0.0,0.0,0.0,0.0,0.0,0.0,0.0,0.0,0.0,0.0,0.0,0.0,0.0,0.0,0.0,0.0,0.0,0.0,0.0,0,0,0,0,0.0,0.0,0.0,0.0,0.0,0.0,0.0,0.0,0.0,0.0,0.0,0.0
2017-02-07 00:00:00+00:00,0.0,0.0,0.0,0.0,0.0,0.0,6.000000000000001,181.75719656286617,0.0,0.0,-0.030664058102717114,-0.7284570256669782,0,0.0,0.0,0.0,100.0,100.0,0.0,0.0,0.0,0.0,0.0,0.0,0.0,0.0,0.0,0.0,0.0,0.0,0.0,0.0,0.0,0.0,0.0,0.0,0.0,0.0,0.0,0.0,0.0,0.0,0.0,0.0,0.0,0.0,0.0,0.0,0.0,0.0,0.0,0.0,0.0,0,0,0,0,0.0,0.0,0.0,0.0,0.0,0.0,0.0,0.0,0.0,0.0,0.0,0.0
2017-02-08 00:00:00+00:00,0.0,0.0,0.0,0.0,0.0,0.0,6.000000000000001,-28.24280343713383,0.0,0.0,-0.47320902030066947,0.28831654038249654,0,0.0,0.0,0.0,100.0,100.0,0.0,0.0,0.0,0.0,0.0,0.0,0.0,0.0,0.0,0.0,0.0,0.0,0.0,0.0,0.0,0.0,0.0,0.0,0.0,0.0,0.0,0.0,0.0,0.0,0.0,0.0,0.0,0.0,0.0,0.0,0.0,0.0,0.0,0.0,0.0,0,0,0,0,0.0,0.0,0.0,0.0,0.0,0.0,0.0,0.0,0.0,0.0,0.0,0.0
2017-02-09 00:00:00+00:00,0.0,0.0,0.0,0.0,0.0,0.0,6.000000000000001,121.75719656286617,0.0,0.0,0.8502861238633692,0.22907812906201055,0,0.0,0.0,0.0,100.0,100.0,0.0,0.0,0.0,0.0,0.0,0.0,0.0,0.0,0.0,0.0,0.0,0.0,0.0,0.0,0.0,0.0,0.0,0.0,0.0,0.0,0.0,0.0,0.0,0.0,0.0,0.0,0.0,0.0,0.0,0.0,0.0,0.0,0.0,0.0,0.0,0,0,0,0,0.0,0.0,0.0,0.0,0.0,0.0,0.0,0.0,0.0,0.0,0.0,0.0
2017-02-10 00:00:00+00:00,0.0,0.0,0.0,0.0,0.0,0.0,6.000000000000001,271.75719656286617,0.0,0.0,-0.9995297472014893,-0.6850914988207192,0,0.0,0.0,0.0,100.0,100.0,0.0,0.0,0.0,0.0,0.0,0.0,0.0,0.0,0.0,0.0,0.0,0.0,0.0,0.0,0.0,0.0,0.0,0.0,0.0,0.0,0.0,0.0,0.0,0.0,0.0,0.0,0.0,0.0,0.0,0.0,0.0,0.0,0.0,0.0,0.0,0,0,0,0,0.0,0.0,0.0,0.0,0.0,0.0,0.0,0.0,0.0,0.0,0.0,0.0
2017-02-11 00:00:00+00:00,0.0,0.0,0.0,0.0,0.0,0.0,6.000000000000001,61.75719656286617,0.0,0.0,0.8809501819660862,0.9575351547289886,0,0.0,0.0,0.0,100.0,100.0,0.0,0.0,0.0,0.0,0.0,0.0,0.0,0.0,0.0,0.0,0.0,0.0,0.0,0.0,0.0,0.0,0.0,0.0,0.0,0.0,0.0,0.0,0.0,0.0,0.0,0.0,0.0,0.0,0.0,0.0,0.0,0.0,0.0,0.0,0.0,0,0,0,0,0.0,0.0,0.0,0.0,0.0,0.0,0.0,0.0,0.0,0.0,0.0,0.0
2017-02-12 00:00:00+00:00,0.0,0.0,0.0,0.0,0.0,0.0,6.000000000000001,211.75719656286617,0.0,0.0,-0.5263207269008197,-0.9734080392032156,0,0.0,0.0,0.0,100.0,100.0,0.0,0.0,0.0,0.0,0.0,0.0,0.0,0.0,0.0,0.0,0.0,0.0,0.0,0.0,0.0,0.0,0.0,0.0,0.0,0.0,0.0,0.0,0.0,0.0,0.0,0.0,0.0,0.0,0.0,0.0,0.0,0.0,0.0,0.0,0.0,0,0,0,0,0.0,0.0,0.0,0.0,0.0,0.0,0.0,0.0,0.0,0.0,0.0,0.0
2017-02-13 00:00:00+00:00,0.0,0.0,0.0,0.0,0.0,0.0,6.000000000000001,1.75719656286617,0.0,0.0,0.030664058102717228,0.7284570256669783,0,0.0,0.0,0.0,100.0,100.0,0.0,0.0,0.0,0.0,0.0,0.0,0.0,0.0,0.0,0.0,0.0,0.0,0.0,0.0,0.0,0.0,0.0,0.0,0.0,0.0,0.0,0.0,0.0,0.0,0.0,0.0,0.0,0.0,0.0,0.0,0.0,0.0,0.0,0.0,0.0,0,0,0,0,0.0,0.0,0.0,0.0,0.0,0.0,0.0,0.0,0.0,0.0,0.0,0.0
2017-02-14 00:00:00+00:00,0.0,0.0,0.0,0.0,0.0,0.0,6.000000000000001,151.75719656286617,0.0,0.0,0.47320902030066947,-0.2883165403824966,0,0.0,0.0,0.0,100.0,100.0,0.0,0.0,0.0,0.0,0.0,0.0,0.0,0.0,0.0,0.0,0.0,0.0,0.0,0.0,0.0,0.0,0.0,0.0,0.0,0.0,0.0,0.0,0.0,0.0,0.0,0.0,0.0,0.0,0.0,0.0,0.0,0.0,0.0,0.0,0.0,0,0,0,0,0.0,0.0,0.0,0.0,0.0,0.0,0.0,0.0,0.0,0.0,0.0,0.0
2017-02-15 00:00:00+00:00,0.0,0.0,0.0,0.0,0.0,0.0,6.000000000000001,301.75719656286617,0.0,0.0,-0.850286123863369,-0.22907812906201025,0,0.0,0.0,0.0,100.0,100.0,0.0,0.0,0.0,0.0,0.0,0.0,0.0,0.0,0.0,0.0,0.0,0.0,0.0,0.0,0.0,0.0,0.0,0.0,0.0,0.0,0.0,0.0,0.0,0.0,0.0,0.0,0.0,0.0,0.0,0.0,0.0,0.0,0.0,0.0,0.0,0,0,0,0,0.0,0.0,0.0,0.0,0.0,0.0,0.0,0.0,0.0,0.0,0.0,0.0
2017-02-16 00:00:00+00:00,0.0,0.0,0.0,0.0,0.0,0.0,6.000000000000001,91.75719656286617,0.0,0.0,0.9995297472014893,0.6850914988207191,0,0.0,0.0,0.0,100.0,100.0,0.0,0.0,0.0,0.0,0.0,0.0,0.0,0.0,0.0,0.0,0.0,0.0,0.0,0.0,0.0,0.0,0.0,0.0,0.0,0.0,0.0,0.0,0.0,0.0,0.0,0.0,0.0,0.0,0.0,0.0,0.0,0.0,0.0,0.0,0.0,0,0,0,0,0.0,0.0,0.0,0.0,0.0,0.0,0.0,0.0,0.0,0.0,0.0,0.0
2017-02-17 00:00:00+00:00,0.0,0.0,0.0,0.0,0.0,0.0,6.000000000000001,241.75719656286617,0.0,0.0,-0.8809501819660861,-0.9575351547289888,0,0.0,0.0,0.0,100.0,100.0,0.0,0.0,0.0,0.0,0.0,0.0,0.0,0.0,0.0,0.0,0.0,0.0,0.0,0.0,0.0,0.0,0.0,0.0,0.0,0.0,0.0,0.0,0.0,0.0,0.0,0.0,0.0,0.0,0.0,0.0,0.0,0.0,0.0,0.0,0.0,0,0,0,0,0.0,0.0,0.0,0.0,0.0,0.0,0.0,0.0,0.0,0.0,0.0,0.0
2017-02-18 00:00:00+00:00,0.0,0.0,0.0,0.0,0.0,0.0,6.000000000000001,31.75719656286617,0.0,0.0,0.5263207269008198,0.9734080392032156,0,0.0,0.0,0.0,100.0,100.0,0.0,0.0,0.0,0.0,0.0,0.0,0.0,0.0,0.0,0.0,0.0,0.0,0.0,0.0,0.0,0.0,0.0,0.0,0.0,0.0,0.0,0.0,0.0,0.0,0.0,0.0,0.0,0.0,0.0,0.0,0.0,0.0,0.0,0.0,0.0,0,0,0,0,0.0,0.0,0.0,0.0,0.0,0.0,0.0,0.0,0.0,0.0,0.0,0.0
2017-02-19 00:00:00+00:00,0.0,0.0,0.0,0.0,0.0,0.0,6.000000000000001,181.75719656286617,0.0,0.0,-0.030664058102717114,-0.7284570256669782,0,0.0,0.0,0.0,100.0,100.0,0.0,0.0,0.0,0.0,0.0,0.0,0.0,0.0,0.0,0.0,0.0,0.0,0.0,0.0,0.0,0.0,0.0,0.0,0.0,0.0,0.0,0.0,0.0,0.0,0.0,0.0,0.0,0.0,0.0,0.0,0.0,0.0,0.0,0.0,0.0,0,0,0,0,0.0,0.0,0.0,0.0,0.0,0.0,0.0,0.0,0.0,0.0,0.0,0.0
2017-02-20 00:00:00+00:00,0.0,0.0,0.0,0.0,0.0,0.0,6.000000000000001,-28.24280343713383,0.0,0.0,-0.47320902030066947,0.28831654038249654,0,0.0,0.0,0.0,100.0,100.0,0.0,0.0,0.0,0.0,0.0,0.0,0.0,0.0,0.0,0.0,0.0,0.0,0.0,0.0,0.0,0.0,0.0,0.0,0.0,0.0,0.0,0.0,0.0,0.0,0.0,0.0,0.0,0.0,0.0,0.0,0.0,0.0,0.0,0.0,0.0,0,0,0,0,0.0,0.0,0.0,0.0,0.0,0.0,0.0,0.0,0.0,0.0,0.0,0.0
2017-02-21 00:00:00+00:00,0.0,0.0,0.0,0.0,0.0,0.0,6.000000000000001,121.75719656286617,0.0,0.0,0.8502861238633692,0.22907812906201055,0,0.0,0.0,0.0,100.0,100.0,0.0,0.0,0.0,0.0,0.0,0.0,0.0,0.0,0.0,0.0,0.0,0.0,0.0,0.0,0.0,0.0,0.0,0.0,0.0,0.0,0.0,0.0,0.0,0.0,0.0,0.0,0.0,0.0,0.0,0.0,0.0,0.0,0.0,0.0,0.0,0,0,0,0,0.0,0.0,0.0,0.0,0.0,0.0,0.0,0.0,0.0,0.0,0.0,0.0
2017-02-22 00:00:00+00:00,0.0,0.0,0.0,0.0,0.0,0.0,6.000000000000001,271.75719656286617,0.0,0.0,-0.9995297472014893,-0.6850914988207192,0,0.0,0.0,0.0,100.0,100.0,0.0,0.0,0.0,0.0,0.0,0.0,0.0,0.0,0.0,0.0,0.0,0.0,0.0,0.0,0.0,0.0,0.0,0.0,0.0,0.0,0.0,0.0,0.0,0.0,0.0,0.0,0.0,0.0,0.0,0.0,0.0,0.0,0.0,0.0,0.0,0,0,0,0,0.0,0.0,0.0,0.0,0.0,0.0,0.0,0.0,0.0,0.0,0.0,0.0
2017-02-23 00:00:00+00:00,0.0,0.0,0.0,0.0,0.0,0.0,6.000000000000001,61.75719656286617,0.0,0.0,0.8809501819660862,0.9575351547289886,0,0.0,0.0,0.0,100.0,100.0,0.0,0.0,0.0,0.0,0.0,0.0,0.0,0.0,0.0,0.0,0.0,0.0,0.0,0.0,0.0,0.0,0.0,0.0,0.0,0.0,0.0,0.0,0.0,0.0,0.0,0.0,0.0,0.0,0.0,0.0,0.0,0.0,0.0,0.0,0.0,0,0,0,0,0.0,0.0,0.0,0.0,0.0,0.0,0.0,0.0,0.0,0.0,0.0,0.0
2017-02-24 00:00:00+00:00,0.0,0.0,0.0,0.0,0.0,0.0,6.000000000000001,211.75719656286617,0.0,0.0,-0.5263207269008197,-0.9734080392032156,0,0.0,0.0,0.0,100.0,100.0,0.0,0.0,0.0,0.0,0.0,0.0,0.0,0.0,0.0,0.0,0.0,0.0,0.0,0.0,0.0,0.0,0.0,0.0,0.0,0.0,0.0,0.0,0.0,0.0,0.0,0.0,0.0,0.0,0.0,0.0,0.0,0.0,0.0,0.0,0.0,0,0,0,0,0.0,0.0,0.0,0.0,0.0,0.0,0.0,0.0,0.0,0.0,0.0,0.0
2017-02-25 00:00:00+00:00,0.0,0.0,0.0,0.0,0.0,0.0,6.000000000000001,1.75719656286617,0.0,0.0,0.030664058102717228,0.7284570256669783,0,0.0,0.0,0.0,100.0,100.0,0.0,0.0,0.0,0.0,0.0,0.0,0.0,0.0,0.0,0.0,0.0,0.0,0.0,0.0,0.0,0.0,0.0,0.0,0.0,0.0,0.0,0.0,0.0,0.0,0.0,0.0,0.0,0.0,0.0,0.0,0.0,0.0,0.0,0.0,0.0,0,0,0,0,0.0,0.0,0.0,0.0,0.0,0.0,0.0,0.0,0.0,0.0,0.0,0.0
2017-02-26 00:00:00+00:00,0.0,0.0,0.0,0.0,0.0,0.0,6.000000000000001,151.75719656286617,0.0,0.0,0.47320902030066947,-0.2883165403824966,0,0.0,0.0,0.0,100.0,100.0,0.0,0.0,0.0,0.0,0.0,0.0,0.0,0.0,0.0,0.0,0.0,0.0,0.0,0.0,0.0,0.0,0.0,0.0,0.0,0.0,0.0,0.0,0.0,0.0,0.0,0.0,0.0,0.0,0.0,0.0,0.0,0.0,0.0,0.0,0.0,0,0,0,0,0.0,0.0,0.0,0.0,0.0,0.0,0.0,0.0,0.0,0.0,0.0,0.0
2017-02-27 00:00:00+00:00,0.0,0.0,0.0,0.0,0.0,0.0,6.000000000000001,301.75719656286617,0.0,0.0,-0.850286123863369,-0.22907812906201025,0,0.0,0.0,0.0,100.0,100.0,0.0,0.0,0.0,0.0,0.0,0.0,0.0,0.0,0.0,0.0,0.0,0.0,0.0,0.0,0.0,0.0,0.0,0.0,0.0,0.0,0.0,0.0,0.0,0.0,0.0,0.0,0.0,0.0,0.0,0.0,0.0,0.0,0.0,0.0,0.0,0,0,0,0,0.0,0.0,0.0,0.0,0.0,0.0,0.0,0.0,0.0,0.0,0.0,0.0
2017-02-28 00:00:00+00:00,0.0,0.0,0.0,0.0,0.0,0.0,6.000000000000001,91.75719656286617,0.0,0.0,0.9995297472014893,0.6850914988207191,0,0.0,0.0,0.0,100.0,100.0,0.0,0.0,0.0,0.0,0.0,0.0,0.0,0.0,0.0,0.0,0.0,0.0,0.0,0.0,0.0,0.0,0.0,0.0,0.0,0.0,0.0,0.0,0.0,0.0,0.0,0.0,0.0,0.0,0.0,0.0,0.0,0.0,0.0,0.0,0.0,0,0,0,0,0.0,0.0,0.0,0.0,0.0,0.0,0.0,0.0,0.0,0.0,0.0,0.0
2017-03-01 00:00:00+00:00,0.0,0.0,0.0,0.0,0.0,0.0,6.000000000000001,241.75719656286617,0.0,0.0,-0.8809501819660861,-0.9575351547289888,0,0.0,0.0,0.0,100.0,100.0,0.0,0.0,0.0,0.0,0.0,0.0,0.0,0.0,0.0,0.0,0.0,0.0,0.0,0.0,0.0,0.0,0.0,0.0,0.0,0.0,0.0,0.0,0.0,0.0,0.0,0.0,0.0,0.0,0.0,0.0,0.0,0.0,0.0,0.0,0.0,0,0,0,0,0.0,0.0,0.0,0.0,0.0,0.0,0.0,0.0,0.0,0.0,0.0,0.0
2017-03-02 00:00:00+00:00,0.0,0.0,0.0,0.0,0.0,0.0,6.000000000000001,31.75719656286617,0.0,0.0,0.5263207269008198,0.9734080392032156,0,0.0,0.0,0.0,100.0,100.0,0.0,0.0,0.0,0.0,0.0,0.0,0.0,0.0,0.0,0.0,0.0,0.0,0.0,0.0,0.0,0.0,0.0,0.0,0.0,0.0,0.0,0.0,0.0,0.0,0.0,0.0,0.0,0.0,0.0,0.0,0.0,0.0,0.0,0.0,0.0,0,0,0,0,0.0,0.0,0.0,0.0,0.0,0.0,0.0,0.0,0.0,0.0,0.0,0.0
2017-03-03 00:00:00+00:00,0.0,0.0,0.0,0.0,0.0,0.0,6.000000000000001,181.75719656286617,0.0,0.0,-0.030664058102717114,-0.7284570256669782,0,0.0,0.0,0.0,100.0,100.0,0.0,0.0,0.0,0.0,0.0,0.0,0.0,0.0,0.0,0.0,0.0,0.0,0.0,0.0,0.0,0.0,0.0,0.0,0.0,0.0,0.0,0.0,0.0,0.0,0.0,0.0,0.0,0.0,0.0,0.0,0.0,0.0,0.0,0.0,0.0,0,0,0,0,0.0,0.0,0.0,0.0,0.0,0.0,0.0,0.0,0.0,0.0,0.0,0.0
2017-03-04 00:00:00+00:00,0.0,0.0,0.0,0.0,0.0,0.0,6.000000000000001,-28.24280343713383,0.0,0.0,-0.47320902030066947,0.28831654038249654,0,0.0,0.0,0.0,100.0,100.0,0.0,0.0,0.0,0.0,0.0,0.0,0.0,0.0,0.0,0.0,0.0,0.0,0.0,0.0,0.0,0.0,0.0,0.0,0.0,0.0,0.0,0.0,0.0,0.0,0.0,0.0,0.0,0.0,0.0,0.0,0.0,0.0,0.0,0.0,0.0,0,0,0,0,0.0,0.0,0.0,0.0,0.0,0.0,0.0,0.0,0.0,0.0,0.0,0.0
2017-03-05 00:00:00+00:00,0.0,0.0,0.0,0.0,0.0,0.0,6.000000000000001,121.75719656286617,0.0,0.0,0.8502861238633692,0.22907812906201055,0,0.0,0.0,0.0,100.0,100.0,0.0,0.0,0.0,0.0,0.0,0.0,0.0,0.0,0.0,0.0,0.0,0.0,0.0,0.0,0.0,0.0,0.0,0.0,0.0,0.0,0.0,0.0,0.0,0.0,0.0,0.0,0.0,0.0,0.0,0.0,0.0,0.0,0.0,0.0,0.0,0,0,0,0,0.0,0.0,0.0,0.0,0.0,0.0,0.0,0.0,0.0,0.0,0.0,0.0
2017-03-06 00:00:00+00:00,0.0,0.0,0.0,0.0,0.0,0.0,6.000000000000001,271.75719656286617,0.0,0.0,-0.9995297472014893,-0.6850914988207192,0,0.0,0.0,0.0,100.0,100.0,0.0,0.0,0.0,0.0,0.0,0.0,0.0,0.0,0.0,0.0,0.0,0.0,0.0,0.0,0.0,0.0,0.0,0.0,0.0,0.0,0.0,0.0,0.0,0.0,0.0,0.0,0.0,0.0,0.0,0.0,0.0,0.0,0.0,0.0,0.0,0,0,0,0,0.0,0.0,0.0,0.0,0.0,0.0,0.0,0.0,0.0,0.0,0.0,0.0
2017-03-07 00:00:00+00:00,0.0,0.0,0.0,0.0,0.0,0.0,6.000000000000001,61.75719656286617,0.0,0.0,0.8809501819660862,0.9575351547289886,0,0.0,0.0,0.0,100.0,100.0,0.0,0.0,0.0,0.0,0.0,0.0,0.0,0.0,0.0,0.0,0.0,0.0,0.0,0.0,0.0,0.0,0.0,0.0,0.0,0.0,0.0,0.0,0.0,0.0,0.0,0.0,0.0,0.0,0.0,0.0,0.0,0.0,0.0,0.0,0.0,0,0,0,0,0.0,0.0,0.0,0.0,0.0,0.0,0.0,0.0,0.0,0.0,0.0,0.0
2017-03-08 00:00:00+00:00,0.0,0.0,0.0,0.0,0.0,0.0,6.000000000000001,211.75719656286617,0.0,0.0,-0.5263207269008197,-0.9734080392032156,0,0.0,0.0,0.0,100.0,100.0,0.0,0.0,0.0,0.0,0.0,0.0,0.0,0.0,0.0,0.0,0.0,0.0,0.0,0.0,0.0,0.0,0.0,0.0,0.0,0.0,0.0,0.0,0.0,0.0,0.0,0.0,0.0,0.0,0.0,0.0,0.0,0.0,0.0,0.0,0.0,0,0,0,0,0.0,0.0,0.0,0.0,0.0,0.0,0.0,0.0,0.0,0.0,0.0,0.0
2017-03-09 00:00:00+00:00,0.0,0.0,0.0,0.0,0.0,0.0,6.000000000000001,1.75719656286617,0.0,0.0,0.030664058102717228,0.7284570256669783,0,0.0,0.0,0.0,100.0,100.0,0.0,0.0,0.0,0.0,0.0,0.0,0.0,0.0,0.0,0.0,0.0,0.0,0.0,0.0,0.0,0.0,0.0,0.0,0.0,0.0,0.0,0.0,0.0,0.0,0.0,0.0,0.0,0.0,0.0,0.0,0.0,0.0,0.0,0.0,0.0,0,0,0,0,0.0,0.0,0.0,0.0,0.0,0.0,0.0,0.0,0.0,0.0,0.0,0.0
2017-03-10 00:00:00+00:00,0.0,0.0,0.0,0.0,0.0,0.0,6.000000000000001,151.75719656286617,0.0,0.0,0.47320902030066947,-0.2883165403824966,0,0.0,0.0,0.0,100.0,100.0,0.0,0.0,0.0,0.0,0.0,0.0,0.0,0.0,0.0,0.0,0.0,0.0,0.0,0.0,0.0,0.0,0.0,0.0,0.0,0.0,0.0,0.0,0.0,0.0,0.0,0.0,0.0,0.0,0.0,0.0,0.0,0.0,0.0,0.0,0.0,0,0,0,0,0.0,0.0,0.0,0.0,0.0,0.0,0.0,0.0,0.0,0.0,0.0,0.0
2017-03-11 00:00:00+00:00,0.0,0.0,0.0,0.0,0.0,0.0,6.000000000000001,301.75719656286617,0.0,0.0,-0.850286123863369,-0.22907812906201025,0,0.0,0.0,0.0,100.0,100.0,0.0,0.0,0.0,0.0,0.0,0.0,0.0,0.0,0.0,0.0,0.0,0.0,0.0,0.0,0.0,0.0,0.0,0.0,0.0,0.0,0.0,0.0,0.0,0.0,0.0,0.0,0.0,0.0,0.0,0.0,0.0,0.0,0.0,0.0,0.0,0,0,0,0,0.0,0.0,0.0,0.0,0.0,0.0,0.0,0.0,0.0,0.0,0.0,0.0
2017-03-12 00:00:00+00:00,0.0,0.0,0.0,0.0,0.0,0.0,6.000000000000001,91.75719656286617,0.0,0.0,0.9995297472014893,0.6850914988207191,0,0.0,0.0,0.0,100.0,100.0,0.0,0.0,0.0,0.0,0.0,0.0,0.0,0.0,0.0,0.0,0.0,0.0,0.0,0.0,0.0,0.0,0.0,0.0,0.0,0.0,0.0,0.0,0.0,0.0,0.0,0.0,0.0,0.0,0.0,0.0,0.0,0.0,0.0,0.0,0.0,0,0,0,0,0.0,0.0,0.0,0.0,0.0,0.0,0.0,0.0,0.0,0.0,0.0,0.0
2017-03-13 00:00:00+00:00,0.0,0.0,0.0,0.0,0.0,0.0,6.000000000000001,241.75719656286617,0.0,0.0,-0.8809501819660861,-0.9575351547289888,0,0.0,0.0,0.0,100.0,100.0,0.0,0.0,0.0,0.0,0.0,0.0,0.0,0.0,0.0,0.0,0.0,0.0,0.0,0.0,0.0,0.0,0.0,0.0,0.0,0.0,0.0,0.0,0.0,0.0,0.0,0.0,0.0,0.0,0.0,0.0,0.0,0.0,0.0,0.0,0.0,0,0,0,0,0.0,0.0,0.0,0.0,0.0,0.0,0.0,0.0,0.0,0.0,0.0,0.0
2017-03-14 00:00:00+00:00,0.0,0.0,0.0,0.0,0.0,0.0,6.000000000000001,31.75719656286617,0.0,0.0,0.5263207269008198,0.9734080392032156,0,0.0,0.0,0.0,100.0,100.0,0.0,0.0,0.0,0.0,0.0,0.0,0.0,0.0,0.0,0.0,0.0,0.0,0.0,0.0,0.0,0.0,0.0,0.0,0.0,0.0,0.0,0.0,0.0,0.0,0.0,0.0,0.0,0.0,0.0,0.0,0.0,0.0,0.0,0.0,0.0,0,0,0,0,0.0,0.0,0.0,0.0,0.0,0.0,0.0,0.0,0.0,0.0,0.0,0.0
2017-03-15 00:00:00+00:00,0.0,0.0,0.0,0.0,0.0,0.0,6.000000000000001,181.75719656286617,0.0,0.0,-0.030664058102717114,-0.7284570256669782,0,0.0,0.0,0.0,100.0,100.0,0.0,0.0,0.0,0.0,0.0,0.0,0.0,0.0,0.0,0.0,0.0,0.0,0.0,0.0,0.0,0.0,0.0,0.0,0.0,0.0,0.0,0.0,0.0,0.0,0.0,0.0,0.0,0.0,0.0,0.0,0.0,0.0,0.0,0.0,0.0,0,0,0,0,0.0,0.0,0.0,0.0,0.0,0.0,0.0,0.0,0.0,0.0,0.0,0.0
2017-03-16 00:00:00+00:00,0.0,0.0,0.0,0.0,0.0,0.0,6.000000000000001,-28.24280343713383,0.0,0.0,-0.47320902030066947,0.28831654038249654,0,0.0,0.0,0.0,100.0,100.0,0.0,0.0,0.0,0.0,0.0,0.0,0.0,0.0,0.0,0.0,0.0,0.0,0.0,0.0,0.0,0.0,0.0,0.0,0.0,0.0,0.0,0.0,0.0,0.0,0.0,0.0,0.0,0.0,0.0,0.0,0.0,0.0,0.0,0.0,0.0,0,0,0,0,0.0,0.0,0.0,0.0,0.0,0.0,0.0,0.0,0.0,0.0,0.0,0.0
2017-03-17 00:00:00+00:00,0.0,0.0,0.0,0.0,0.0,0.0,6.000000000000001,121.75719656286617,0.0,0.0,0.8502861238633692,0.22907812906201055,0,0.0,0.0,0.0,100.0,100.0,0.0,0.0,0.0,0.0,0.0,0.0,0.0,0.0,0.0,0.0,0.0,0.0,0.0,0.0,0.0,0.0,0.0,0.0,0.0,0.0,0.0,0.0,0.0,0.0,0.0,0.0,0.0,0.0,0.0,0.0,0.0,0.0,0.0,0.0,0.0,0,0,0,0,0.0,0.0,0.0,0.0,0.0,0.0,0.0,0.0,0.0,0.0,0.0,0.0
2017-03-18 00:00:00+00:00,0.0,0.0,0.0,0.0,0.0,0.0,6.000000000000001,271.75719656286617,0.0,0.0,-0.9995297472014893,-0.6850914988207192,0,0.0,0.0,0.0,100.0,100.0,0.0,0.0,0.0,0.0,0.0,0.0,0.0,0.0,0.0,0.0,0.0,0.0,0.0,0.0,0.0,0.0,0.0,0.0,0.0,0.0,0.0,0.0,0.0,0.0,0.0,0.0,0.0,0.0,0.0,0.0,0.0,0.0,0.0,0.0,0.0,0,0,0,0,0.0,0.0,0.0,0.0,0.0,0.0,0.0,0.0,0.0,0.0,0.0,0.0
2017-03-19 00:00:00+00:00,0.0,0.0,0.0,0.0,0.0,0.0,6.000000000000001,61.75719656286617,0.0,0.0,0.8809501819660862,0.9575351547289886,0,0.0,0.0,0.0,100.0,100.0,0.0,0.0,0.0,0.0,0.0,0.0,0.0,0.0,0.0,0.0,0.0,0.0,0.0,0.0,0.0,0.0,0.0,0.0,0.0,0.0,0.0,0.0,0.0,0.0,0.0,0.0,0.0,0.0,0.0,0.0,0.0,0.0,0.0,0.0,0.0,0,0,0,0,0.0,0.0,0.0,0.0,0.0,0.0,0.0,0.0,0.0,0.0,0.0,0.0
2017-03-20 00:00:00+00:00,0.0,0.0,0.0,0.0,0.0,0.0,6.000000000000001,211.75719656286617,0.0,0.0,-0.5263207269008197,-0.9734080392032156,0,0.0,0.0,0.0,100.0,100.0,0.0,0.0,0.0,0.0,0.0,0.0,0.0,0.0,0.0,0.0,0.0,0.0,0.0,0.0,0.0,0.0,0.0,0.0,0.0,0.0,0.0,0.0,0.0,0.0,0.0,0.0,0.0,0.0,0.0,0.0,0.0,0.0,0.0,0.0,0.0,0,0,0,0,0.0,0.0,0.0,0.0,0.0,0.0,0.0,0.0,0.0,0.0,0.0,0.0
2017-03-21 00:00:00+00:00,0.0,0.0,0.0,0.0,0.0,0.0,6.000000000000001,1.75719656286617,0.0,0.0,0.030664058102717228,0.7284570256669783,0,0.0,0.0,0.0,100.0,100.0,0.0,0.0,0.0,0.0,0.0,0.0,0.0,0.0,0.0,0.0,0.0,0.0,0.0,0.0,0.0,0.0,0.0,0.0,0.0,0.0,0.0,0.0,0.0,0.0,0.0,0.0,0.0,0.0,0.0,0.0,0.0,0.0,0.0,0.0,0.0,0,0,0,0,0.0,0.0,0.0,0.0,0.0,0.0,0.0,0.0,0.0,0.0,0.0,0.0
2017-03-22 00:00:00+00:00,0.0,0.0,0.0,0.0,0.0,0.0,6.000000000000001,151.75719656286617,0.0,0.0,0.47320902030066947,-0.2883165403824966,0,0.0,0.0,0.0,100.0,100.0,0.0,0.0,0.0,0.0,0.0,0.0,0.0,0.0,0.0,0.0,0.0,0.0,0.0,0.0,0.0,0.0,0.0,0.0,0.0,0.0,0.0,0.0,0.0,0.0,0.0,0.0,0.0,0.0,0.0,0.0,0.0,0.0,0.0,0.0,0.0,0,0,0,0,0.0,0.0,0.0,0.0,0.0,0.0,0.0,0.0,0.0,0.0,0.0,0.0
2017-03-23 00:00:00+00:00,0.0,0.0,0.0,0.0,0.0,0.0,6.000000000000001,301.75719656286617,0.0,0.0,-0.850286123863369,-0.22907812906201025,0,0.0,0.0,0.0,100.0,100.0,0.0,0.0,0.0,0.0,0.0,0.0,0.0,0.0,0.0,0.0,0.0,0.0,0.0,0.0,0.0,0.0,0.0,0.0,0.0,0.0,0.0,0.0,0.0,0.0,0.0,0.0,0.0,0.0,0.0,0.0,0.0,0.0,0.0,0.0,0.0,0,0,0,0,0.0,0.0,0.0,0.0,0.0,0.0,0.0,0.0,0.0,0.0,0.0,0.0
2017-03-24 00:00:00+00:00,0.0,0.0,0.0,0.0,0.0,0.0,6.000000000000001,91.75719656286617,0.0,0.0,0.9995297472014893,0.6850914988207191,0,0.0,0.0,0.0,100.0,100.0,0.0,0.0,0.0,0.0,0.0,0.0,0.0,0.0,0.0,0.0,0.0,0.0,0.0,0.0,0.0,0.0,0.0,0.0,0.0,0.0,0.0,0.0,0.0,0.0,0.0,0.0,0.0,0.0,0.0,0.0,0.0,0.0,0.0,0.0,0.0,0,0,0,0,0.0,0.0,0.0,0.0,0.0,0.0,0.0,0.0,0.0,0.0,0.0,0.0
2017-03-25 00:00:00+00:00,0.0,0.0,0.0,0.0,0.0,0.0,6.000000000000001,241.75719656286617,0.0,0.0,-0.8809501819660861,-0.9575351547289888,0,0.0,0.0,0.0,100.0,100.0,0.0,0.0,0.0,0.0,0.0,0.0,0.0,0.0,0.0,0.0,0.0,0.0,0.0,0.0,0.0,0.0,0.0,0.0,0.0,0.0,0.0,0.0,0.0,0.0,0.0,0.0,0.0,0.0,0.0,0.0,0.0,0.0,0.0,0.0,0.0,0,0,0,0,0.0,0.0,0.0,0.0,0.0,0.0,0.0,0.0,0.0,0.0,0.0,0.0
2017-03-26 00:00:00+00:00,0.0,0.0,0.0,0.0,0.0,0.0,6.000000000000001,31.75719656286617,0.0,0.0,0.5263207269008198,0.9734080392032156,0,0.0,0.0,0.0,100.0,100.0,0.0,0.0,0.0,0.0,0.0,0.0,0.0,0.0,0.0,0.0,0.0,0.0,0.0,0.0,0.0,0.0,0.0,0.0,0.0,0.0,0.0,0.0,0.0,0.0,0.0,0.0,0.0,0.0,0.0,0.0,0.0,0.0,0.0,0.0,0.0,0,0,0,0,0.0,0.0,0.0,0.0,0.0,0.0,0.0,0.0,0.0,0.0,0.0,0.0
2017-03-27 00:00:00+00:00,0.0,0.0,0.0,0.0,0.0,0.0,6.000000000000001,181.75719656286617,0.0,0.0,-0.030664058102717114,-0.7284570256669782,0,0.0,0.0,0.0,100.0,100.0,0.0,0.0,0.0,0.0,0.0,0.0,0.0,0.0,0.0,0.0,0.0,0.0,0.0,0.0,0.0,0.0,0.0,0.0,0.0,0.0,0.0,0.0,0.0,0.0,0.0,0.0,0.0,0.0,0.0,0.0,0.0,0.0,0.0,0.0,0.0,0,0,0,0,0.0,0.0,0.0,0.0,0.0,0.0,0.0,0.0,0.0,0.0,0.0,0.0
2017-03-28 00:00:00+00:00,0.0,0.0,0.0,0.0,0.0,0.0,6.000000000000001,-28.24280343713383,0.0,0.0,-0.47320902030066947,0.28831654038249654,0,0.0,0.0,0.0,100.0,100.0,0.0,0.0,0.0,0.0,0.0,0.0,0.0,0.0,0.0,0.0,0.0,0.0,0.0,0.0,0.0,0.0,0.0,0.0,0.0,0.0,0.0,0.0,0.0,0.0,0.0,0.0,0.0,0.0,0.0,0.0,0.0,0.0,0.0,0.0,0.0,0,0,0,0,0.0,0.0,0.0,0.0,0.0,0.0,0.0,0.0,0.0,0.0,0.0,0.0
2017-03-29 00:00:00+00:00,0.0,0.0,0.0,0.0,0.0,0.0,6.000000000000001,121.75719656286617,0.0,0.0,0.8502861238633692,0.22907812906201055,0,0.0,0.0,0.0,100.0,100.0,0.0,0.0,0.0,0.0,0.0,0.0,0.0,0.0,0.0,0.0,0.0,0.0,0.0,0.0,0.0,0.0,0.0,0.0,0.0,0.0,0.0,0.0,0.0,0.0,0.0,0.0,0.0,0.0,0.0,0.0,0.0,0.0,0.0,0.0,0.0,0,0,0,0,0.0,0.0,0.0,0.0,0.0,0.0,0.0,0.0,0.0,0.0,0.0,0.0
2017-03-30 00:00:00+00:00,0.0,0.0,0.0,0.0,0.0,0.0,6.000000000000001,271.75719656286617,0.0,0.0,-0.9995297472014893,-0.6850914988207192,0,0.0,0.0,0.0,100.0,100.0,0.0,0.0,0.0,0.0,0.0,0.0,0.0,0.0,0.0,0.0,0.0,0.0,0.0,0.0,0.0,0.0,0.0,0.0,0.0,0.0,0.0,0.0,0.0,0.0,0.0,0.0,0.0,0.0,0.0,0.0,0.0,0.0,0.0,0.0,0.0,0,0,0,0,0.0,0.0,0.0,0.0,0.0,0.0,0.0,0.0,0.0,0.0,0.0,0.0
2017-03-31 00:00:00+00:00,0.0,0.0,0.0,0.0,0.0,0.0,6.000000000000001,61.75719656286617,0.0,0.0,0.8809501819660862,0.9575351547289886,0,0.0,0.0,0.0,100.0,100.0,0.0,0.0,0.0,0.0,0.0,0.0,0.0,0.0,0.0,0.0,0.0,0.0,0.0,0.0,0.0,0.0,0.0,0.0,0.0,0.0,0.0,0.0,0.0,0.0,0.0,0.0,0.0,0.0,0.0,0.0,0.0,0.0,0.0,0.0,0.0,0,0,0,0,0.0,0.0,0.0,0.0,0.0,0.0,0.0,0.0,0.0,0.0,0.0,0.0
2017-04-01 00:00:00+00:00,0.0,0.0,0.0,0.0,0.0,0.0,6.000000000000001,211.75719656286617,0.0,0.0,-0.5263207269008197,-0.9734080392032156,0,0.0,0.0,0.0,100.0,100.0,0.0,0.0,0.0,0.0,0.0,0.0,0.0,0.0,0.0,0.0,0.0,0.0,0.0,0.0,0.0,0.0,0.0,0.0,0.0,0.0,0.0,0.0,0.0,0.0,0.0,0.0,0.0,0.0,0.0,0.0,0.0,0.0,0.0,0.0,0.0,0,0,0,0,0.0,0.0,0.0,0.0,0.0,0.0,0.0,0.0,0.0,0.0,0.0,0.0
2017-04-02 00:00:00+00:00,0.0,0.0,0.0,0.0,0.0,0.0,6.000000000000001,1.75719656286617,0.0,0.0,0.030664058102717228,0.7284570256669783,0,0.0,0.0,0.0,100.0,100.0,0.0,0.0,0.0,0.0,0.0,0.0,0.0,0.0,0.0,0.0,0.0,0.0,0.0,0.0,0.0,0.0,0.0,0.0,0.0,0.0,0.0,0.0,0.0,0.0,0.0,0.0,0.0,0.0,0.0,0.0,0.0,0.0,0.0,0.0,0.0,0,0,0,0,0.0,0.0,0.0,0.0,0.0,0.0,0.0,0.0,0.0,0.0,0.0,0.0
2017-04-03 00:00:00+00:00,0.0,0.0,0.0,0.0,0.0,0.0,6.000000000000001,151.75719656286617,0.0,0.0,0.47320902030066947,-0.2883165403824966,0,0.0,0.0,0.0,100.0,100.0,0.0,0.0,0.0,0.0,0.0,0.0,0.0,0.0,0.0,0.0,0.0,0.0,0.0,0.0,0.0,0.0,0.0,0.0,0.0,0.0,0.0,0.0,0.0,0.0,0.0,0.0,0.0,0.0,0.0,0.0,0.0,0.0,0.0,0.0,0.0,0,0,0,0,0.0,0.0,0.0,0.0,0.0,0.0,0.0,0.0,0.0,0.0,0.0,0.0
2017-04-04 00:00:00+00:00,0.0,0.0,0.0,0.0,0.0,0.0,6.000000000000001,301.75719656286617,0.0,0.0,-0.850286123863369,-0.22907812906201025,0,0.0,0.0,0.0,100.0,100.0,0.0,0.0,0.0,0.0,0.0,0.0,0.0,0.0,0.0,0.0,0.0,0.0,0.0,0.0,0.0,0.0,0.0,0.0,0.0,0.0,0.0,0.0,0.0,0.0,0.0,0.0,0.0,0.0,0.0,0.0,0.0,0.0,0.0,0.0,0.0,0,0,0,0,0.0,0.0,0.0,0.0,0.0,0.0,0.0,0.0,0.0,0.0,0.0,0.0
2017-04-05 00:00:00+00:00,0.0,0.0,0.0,0.0,0.0,0.0,6.000000000000001,91.75719656286617,0.0,0.0,0.9995297472014893,0.6850914988207191,0,0.0,0.0,0.0,100.0,100.0,0.0,0.0,0.0,0.0,0.0,0.0,0.0,0.0,0.0,0.0,0.0,0.0,0.0,0.0,0.0,0.0,0.0,0.0,0.0,0.0,0.0,0.0,0.0,0.0,0.0,0.0,0.0,0.0,0.0,0.0,0.0,0.0,0.0,0.0,0.0,0,0,0,0,0.0,0.0,0.0,0.0,0.0,0.0,0.0,0.0,0.0,0.0,0.0,0.0
2017-04-06 00:00:00+00:00,0.0,0.0,0.0,0.0,0.0,0.0,6.000000000000001,241.75719656286617,0.0,0.0,-0.8809501819660861,-0.9575351547289888,0,0.0,0.0,0.0,100.0,100.0,0.0,0.0,0.0,0.0,0.0,0.0,0.0,0.0,0.0,0.0,0.0,0.0,0.0,0.0,0.0,0.0,0.0,0.0,0.0,0.0,0.0,0.0,0.0,0.0,0.0,0.0,0.0,0.0,0.0,0.0,0.0,0.0,0.0,0.0,0.0,0,0,0,0,0.0,0.0,0.0,0.0,0.0,0.0,0.0,0.0,0.0,0.0,0.0,0.0
2017-04-07 00:00:00+00:00,0.0,0.0,0.0,0.0,0.0,0.0,6.000000000000001,31.75719656286617,0.0,0.0,0.5263207269008198,0.9734080392032156,0,0.0,0.0,0.0,100.0,100.0,0.0,0.0,0.0,0.0,0.0,0.0,0.0,0.0,0.0,0.0,0.0,0.0,0.0,0.0,0.0,0.0,0.0,0.0,0.0,0.0,0.0,0.0,0.0,0.0,0.0,0.0,0.0,0.0,0.0,0.0,0.0,0.0,0.0,0.0,0.0,0,0,0,0,0.0,0.0,0.0,0.0,0.0,0.0,0.0,0.0,0.0,0.0,0.0,0.0
2017-04-08 00:00:00+00:00,0.0,0.0,0.0,0.0,0.0,0.0,6.000000000000001,181.75719656286617,0.0,0.0,-0.030664058102717114,-0.7284570256669782,0,0.0,0.0,0.0,100.0,100.0,0.0,0.0,0.0,0.0,0.0,0.0,0.0,0.0,0.0,0.0,0.0,0.0,0.0,0.0,0.0,0.0,0.0,0.0,0.0,0.0,0.0,0.0,0.0,0.0,0.0,0.0,0.0,0.0,0.0,0.0,0.0,0.0,0.0,0.0,0.0,0,0,0,0,0.0,0.0,0.0,0.0,0.0,0.0,0.0,0.0,0.0,0.0,0.0,0.0
2017-04-09 00:00:00+00:00,0.0,0.0,0.0,0.0,0.0,0.0,6.000000000000001,-28.24280343713383,0.0,0.0,-0.47320902030066947,0.28831654038249654,0,0.0,0.0,0.0,100.0,100.0,0.0,0.0,0.0,0.0,0.0,0.0,0.0,0.0,0.0,0.0,0.0,0.0,0.0,0.0,0.0,0.0,0.0,0.0,0.0,0.0,0.0,0.0,0.0,0.0,0.0,0.0,0.0,0.0,0.0,0.0,0.0,0.0,0.0,0.0,0.0,0,0,0,0,0.0,0.0,0.0,0.0,0.0,0.0,0.0,0.0,0.0,0.0,0.0,0.0
2017-04-10 00:00:00+00:00,0.0,0.0,0.0,0.0,0.0,0.0,6.000000000000001,121.75719656286617,0.0,0.0,0.8502861238633692,0.22907812906201055,0,0.0,0.0,0.0,100.0,100.0,0.0,0.0,0.0,0.0,0.0,0.0,0.0,0.0,0.0,0.0,0.0,0.0,0.0,0.0,0.0,0.0,0.0,0.0,0.0,0.0,0.0,0.0,0.0,0.0,0.0,0.0,0.0,0.0,0.0,0.0,0.0,0.0,0.0,0.0,0.0,0,0,0,0,0.0,0.0,0.0,0.0,0.0,0.0,0.0,0.0,0.0,0.0,0.0,0.0
2017-04-11 00:00:00+00:00,0.0,0.0,0.0,0.0,0.0,0.0,6.000000000000001,271.75719656286617,0.0,0.0,-0.9995297472014893,-0.6850914988207192,0,0.0,0.0,0.0,100.0,100.0,0.0,0.0,0.0,0.0,0.0,0.0,0.0,0.0,0.0,0.0,0.0,0.0,0.0,0.0,0.0,0.0,0.0,0.0,0.0,0.0,0.0,0.0,0.0,0.0,0.0,0.0,0.0,0.0,0.0,0.0,0.0,0.0,0.0,0.0,0.0,0,0,0,0,0.0,0.0,0.0,0.0,0.0,0.0,0.0,0.0,0.0,0.0,0.0,0.0
2017-04-12 00:00:00+00:00,0.0,0.0,0.0,0.0,0.0,0.0,6.000000000000001,61.75719656286617,0.0,0.0,0.8809501819660862,0.9575351547289886,0,0.0,0.0,0.0,100.0,100.0,0.0,0.0,0.0,0.0,0.0,0.0,0.0,0.0,0.0,0.0,0.0,0.0,0.0,0.0,0.0,0.0,0.0,0.0,0.0,0.0,0.0,0.0,0.0,0.0,0.0,0.0,0.0,0.0,0.0,0.0,0.0,0.0,0.0,0.0,0.0,0,0,0,0,0.0,0.0,0.0,0.0,0.0,0.0,0.0,0.0,0.0,0.0,0.0,0.0
2017-04-13 00:00:00+00:00,0.0,0.0,0.0,0.0,0.0,0.0,6.000000000000001,211.75719656286617,0.0,0.0,-0.5263207269008197,-0.9734080392032156,0,0.0,0.0,0.0,100.0,100.0,0.0,0.0,0.0,0.0,0.0,0.0,0.0,0.0,0.0,0.0,0.0,0.0,0.0,0.0,0.0,0.0,0.0,0.0,0.0,0.0,0.0,0.0,0.0,0.0,0.0,0.0,0.0,0.0,0.0,0.0,0.0,0.0,0.0,0.0,0.0,0,0,0,0,0.0,0.0,0.0,0.0,0.0,0.0,0.0,0.0,0.0,0.0,0.0,0.0
2017-04-14 00:00:00+00:00,0.0,0.0,0.0,0.0,0.0,0.0,6.000000000000001,1.75719656286617,0.0,0.0,0.030664058102717228,0.7284570256669783,0,0.0,0.0,0.0,100.0,100.0,0.0,0.0,0.0,0.0,0.0,0.0,0.0,0.0,0.0,0.0,0.0,0.0,0.0,0.0,0.0,0.0,0.0,0.0,0.0,0.0,0.0,0.0,0.0,0.0,0.0,0.0,0.0,0.0,0.0,0.0,0.0,0.0,0.0,0.0,0.0,0,0,0,0,0.0,0.0,0.0,0.0,0.0,0.0,0.0,0.0,0.0,0.0,0.0,0.0
2017-04-15 00:00:00+00:00,0.0,0.0,0.0,0.0,0.0,0.0,6.000000000000001,151.75719656286617,0.0,0.0,0.47320902030066947,-0.2883165403824966,0,0.0,0.0,0.0,100.0,100.0,0.0,0.0,0.0,0.0,0.0,0.0,0.0,0.0,0.0,0.0,0.0,0.0,0.0,0.0,0.0,0.0,0.0,0.0,0.0,0.0,0.0,0.0,0.0,0.0,0.0,0.0,0.0,0.0,0.0,0.0,0.0,0.0,0.0,0.0,0.0,0,0,0,0,0.0,0.0,0.0,0.0,0.0,0.0,0.0,0.0,0.0,0.0,0.0,0.0
2017-04-16 00:00:00+00:00,0.0,0.0,0.0,0.0,0.0,0.0,6.000000000000001,301.75719656286617,0.0,0.0,-0.850286123863369,-0.22907812906201025,0,0.0,0.0,0.0,100.0,100.0,0.0,0.0,0.0,0.0,0.0,0.0,0.0,0.0,0.0,0.0,0.0,0.0,0.0,0.0,0.0,0.0,0.0,0.0,0.0,0.0,0.0,0.0,0.0,0.0,0.0,0.0,0.0,0.0,0.0,0.0,0.0,0.0,0.0,0.0,0.0,0,0,0,0,0.0,0.0,0.0,0.0,0.0,0.0,0.0,0.0,0.0,0.0,0.0,0.0
2017-04-17 00:00:00+00:00,0.0,0.0,0.0,0.0,0.0,0.0,6.000000000000001,91.75719656286617,0.0,0.0,0.9995297472014893,0.6850914988207191,0,0.0,0.0,0.0,100.0,100.0,0.0,0.0,0.0,0.0,0.0,0.0,0.0,0.0,0.0,0.0,0.0,0.0,0.0,0.0,0.0,0.0,0.0,0.0,0.0,0.0,0.0,0.0,0.0,0.0,0.0,0.0,0.0,0.0,0.0,0.0,0.0,0.0,0.0,0.0,0.0,0,0,0,0,0.0,0.0,0.0,0.0,0.0,0.0,0.0,0.0,0.0,0.0,0.0,0.0
2017-04-18 00:00:00+00:00,0.0,0.0,0.0,0.0,0.0,0.0,6.000000000000001,241.75719656286617,0.0,0.0,-0.8809501819660861,-0.9575351547289888,0,0.0,0.0,0.0,100.0,100.0,0.0,0.0,0.0,0.0,0.0,0.0,0.0,0.0,0.0,0.0,0.0,0.0,0.0,0.0,0.0,0.0,0.0,0.0,0.0,0.0,0.0,0.0,0.0,0.0,0.0,0.0,0.0,0.0,0.0,0.0,0.0,0.0,0.0,0.0,0.0,0,0,0,0,0.0,0.0,0.0,0.0,0.0,0.0,0.0,0.0,0.0,0.0,0.0,0.0
2017-04-19 00:00:00+00:00,0.0,0.0,0.0,0.0,0.0,0.0,6.000000000000001,31.75719656286617,0.0,0.0,0.5263207269008198,0.9734080392032156,0,0.0,0.0,0.0,100.0,100.0,0.0,0.0,0.0,0.0,0.0,0.0,0.0,0.0,0.0,0.0,0.0,0.0,0.0,0.0,0.0,0.0,0.0,0.0,0.0,0.0,0.0,0.0,0.0,0.0,0.0,0.0,0.0,0.0,0.0,0.0,0.0,0.0,0.0,0.0,0.0,0,0,0,0,0.0,0.0,0.0,0.0,0.0,0.0,0.0,0.0,0.0,0.0,0.0,0.0
2017-04-20 00:00:00+00:00,0.0,0.0,0.0,0.0,0.0,0.0,6.000000000000001,181.75719656286617,0.0,0.0,-0.030664058102717114,-0.7284570256669782,0,0.0,0.0,0.0,100.0,100.0,0.0,0.0,0.0,0.0,0.0,0.0,0.0,0.0,0.0,0.0,0.0,0.0,0.0,0.0,0.0,0.0,0.0,0.0,0.0,0.0,0.0,0.0,0.0,0.0,0.0,0.0,0.0,0.0,0.0,0.0,0.0,0.0,0.0,0.0,0.0,0,0,0,0,0.0,0.0,0.0,0.0,0.0,0.0,0.0,0.0,0.0,0.0,0.0,0.0
2017-04-21 00:00:00+00:00,0.0,0.0,0.0,0.0,0.0,0.0,6.000000000000001,-28.24280343713383,0.0,0.0,-0.47320902030066947,0.28831654038249654,0,0.0,0.0,0.0,100.0,100.0,0.0,0.0,0.0,0.0,0.0,0.0,0.0,0.0,0.0,0.0,0.0,0.0,0.0,0.0,0.0,0.0,0.0,0.0,0.0,0.0,0.0,0.0,0.0,0.0,0.0,0.0,0.0,0.0,0.0,0.0,0.0,0.0,0.0,0.0,0.0,0,0,0,0,0.0,0.0,0.0,0.0,0.0,0.0,0.0,0.0,0.0,0.0,0.0,0.0
2017-04-22 00:00:00+00:00,0.0,0.0,0.0,0.0,0.0,0.0,6.000000000000001,121.75719656286617,0.0,0.0,0.8502861238633692,0.22907812906201055,0,0.0,0.0,0.0,100.0,100.0,0.0,0.0,0.0,0.0,0.0,0.0,0.0,0.0,0.0,0.0,0.0,0.0,0.0,0.0,0.0,0.0,0.0,0.0,0.0,0.0,0.0,0.0,0.0,0.0,0.0,0.0,0.0,0.0,0.0,0.0,0.0,0.0,0.0,0.0,0.0,0,0,0,0,0.0,0.0,0.0,0.0,0.0,0.0,0.0,0.0,0.0,0.0,0.0,0.0
2017-04-23 00:00:00+00:00,0.0,0.0,0.0,0.0,0.0,0.0,6.000000000000001,271.75719656286617,0.0,0.0,-0.9995297472014893,-0.6850914988207192,0,0.0,0.0,0.0,100.0,100.0,0.0,0.0,0.0,0.0,0.0,0.0,0.0,0.0,0.0,0.0,0.0,0.0,0.0,0.0,0.0,0.0,0.0,0.0,0.0,0.0,0.0,0.0,0.0,0.0,0.0,0.0,0.0,0.0,0.0,0.0,0.0,0.0,0.0,0.0,0.0,0,0,0,0,0.0,0.0,0.0,0.0,0.0,0.0,0.0,0.0,0.0,0.0,0.0,0.0
2017-04-24 00:00:00+00:00,0.0,0.0,0.0,0.0,0.0,0.0,6.000000000000001,61.75719656286617,0.0,0.0,0.8809501819660862,0.9575351547289886,0,0.0,0.0,0.0,100.0,100.0,0.0,0.0,0.0,0.0,0.0,0.0,0.0,0.0,0.0,0.0,0.0,0.0,0.0,0.0,0.0,0.0,0.0,0.0,0.0,0.0,0.0,0.0,0.0,0.0,0.0,0.0,0.0,0.0,0.0,0.0,0.0,0.0,0.0,0.0,0.0,0,0,0,0,0.0,0.0,0.0,0.0,0.0,0.0,0.0,0.0,0.0,0.0,0.0,0.0
2017-04-25 00:00:00+00:00,0.0,0.0,0.0,0.0,0.0,0.0,6.000000000000001,211.75719656286617,0.0,0.0,-0.5263207269008197,-0.9734080392032156,0,0.0,0.0,0.0,100.0,100.0,0.0,0.0,0.0,0.0,0.0,0.0,0.0,0.0,0.0,0.0,0.0,0.0,0.0,0.0,0.0,0.0,0.0,0.0,0.0,0.0,0.0,0.0,0.0,0.0,0.0,0.0,0.0,0.0,0.0,0.0,0.0,0.0,0.0,0.0,0.0,0,0,0,0,0.0,0.0,0.0,0.0,0.0,0.0,0.0,0.0,0.0,0.0,0.0,0.0
2017-04-26 00:00:00+00:00,0.0,0.0,0.0,0.0,0.0,0.0,6.000000000000001,1.75719656286617,0.0,0.0,0.030664058102717228,0.7284570256669783,0,0.0,0.0,0.0,100.0,100.0,0.0,0.0,0.0,0.0,0.0,0.0,0.0,0.0,0.0,0.0,0.0,0.0,0.0,0.0,0.0,0.0,0.0,0.0,0.0,0.0,0.0,0.0,0.0,0.0,0.0,0.0,0.0,0.0,0.0,0.0,0.0,0.0,0.0,0.0,0.0,0,0,0,0,0.0,0.0,0.0,0.0,0.0,0.0,0.0,0.0,0.0,0.0,0.0,0.0
2017-04-27 00:00:00+00:00,0.0,0.0,0.0,0.0,0.0,0.0,6.000000000000001,151.75719656286617,0.0,0.0,0.47320902030066947,-0.2883165403824966,0,0.0,0.0,0.0,100.0,100.0,0.0,0.0,0.0,0.0,0.0,0.0,0.0,0.0,0.0,0.0,0.0,0.0,0.0,0.0,0.0,0.0,0.0,0.0,0.0,0.0,0.0,0.0,0.0,0.0,0.0,0.0,0.0,0.0,0.0,0.0,0.0,0.0,0.0,0.0,0.0,0,0,0,0,0.0,0.0,0.0,0.0,0.0,0.0,0.0,0.0,0.0,0.0,0.0,0.0
2017-04-28 00:00:00+00:00,0.0,0.0,0.0,0.0,0.0,0.0,6.000000000000001,301.75719656286617,0.0,0.0,-0.850286123863369,-0.22907812906201025,0,0.0,0.0,0.0,100.0,100.0,0.0,0.0,0.0,0.0,0.0,0.0,0.0,0.0,0.0,0.0,0.0,0.0,0.0,0.0,0.0,0.0,0.0,0.0,0.0,0.0,0.0,0.0,0.0,0.0,0.0,0.0,0.0,0.0,0.0,0.0,0.0,0.0,0.0,0.0,0.0,0,0,0,0,0.0,0.0,0.0,0.0,0.0,0.0,0.0,0.0,0.0,0.0,0.0,0.0
2017-04-29 00:00:00+00:00,0.0,0.0,0.0,0.0,0.0,0.0,6.000000000000001,91.75719656286617,0.0,0.0,0.9995297472014893,0.6850914988207191,0,0.0,0.0,0.0,100.0,100.0,0.0,0.0,0.0,0.0,0.0,0.0,0.0,0.0,0.0,0.0,0.0,0.0,0.0,0.0,0.0,0.0,0.0,0.0,0.0,0.0,0.0,0.0,0.0,0.0,0.0,0.0,0.0,0.0,0.0,0.0,0.0,0.0,0.0,0.0,0.0,0,0,0,0,0.0,0.0,0.0,0.0,0.0,0.0,0.0,0.0,0.0,0.0,0.0,0.0
2017-04-30 00:00:00+00:00,0.0,0.0,0.0,0.0,0.0,0.0,6.000000000000001,241.75719656286617,0.0,0.0,-0.8809501819660861,-0.9575351547289888,0,0.0,0.0,0.0,100.0,100.0,0.0,0.0,0.0,0.0,0.0,0.0,0.0,0.0,0.0,0.0,0.0,0.0,0.0,0.0,0.0,0.0,0.0,0.0,0.0,0.0,0.0,0.0,0.0,0.0,0.0,0.0,0.0,0.0,0.0,0.0,0.0,0.0,0.0,0.0,0.0,0,0,0,0,0.0,0.0,0.0,0.0,0.0,0.0,0.0,0.0,0.0,0.0,0.0,0.0
2017-05-01 00:00:00+00:00,0.0,0.0,0.0,0.0,0.0,0.0,6.000000000000001,31.75719656286617,0.0,0.0,0.5263207269008198,0.9734080392032156,0,0.0,0.0,0.0,100.0,100.0,0.0,0.0,0.0,0.0,0.0,0.0,0.0,0.0,0.0,0.0,0.0,0.0,0.0,0.0,0.0,0.0,0.0,0.0,0.0,0.0,0.0,0.0,0.0,0.0,0.0,0.0,0.0,0.0,0.0,0.0,0.0,0.0,0.0,0.0,0.0,0,0,0,0,0.0,0.0,0.0,0.0,0.0,0.0,0.0,0.0,0.0,0.0,0.0,0.0
2017-05-02 00:00:00+00:00,0.0,0.0,0.0,0.0,0.0,0.0,6.000000000000001,181.75719656286617,0.0,0.0,-0.030664058102717114,-0.7284570256669782,0,0.0,0.0,0.0,100.0,100.0,0.0,0.0,0.0,0.0,0.0,0.0,0.0,0.0,0.0,0.0,0.0,0.0,0.0,0.0,0.0,0.0,0.0,0.0,0.0,0.0,0.0,0.0,0.0,0.0,0.0,0.0,0.0,0.0,0.0,0.0,0.0,0.0,0.0,0.0,0.0,0,0,0,0,0.0,0.0,0.0,0.0,0.0,0.0,0.0,0.0,0.0,0.0,0.0,0.0
2017-05-03 00:00:00+00:00,0.0,0.0,0.0,0.0,0.0,0.0,6.000000000000001,-28.24280343713383,0.0,0.0,-0.47320902030066947,0.28831654038249654,0,0.0,0.0,0.0,100.0,100.0,0.0,0.0,0.0,0.0,0.0,0.0,0.0,0.0,0.0,0.0,0.0,0.0,0.0,0.0,0.0,0.0,0.0,0.0,0.0,0.0,0.0,0.0,0.0,0.0,0.0,0.0,0.0,0.0,0.0,0.0,0.0,0.0,0.0,0.0,0.0,0,0,0,0,0.0,0.0,0.0,0.0,0.0,0.0,0.0,0.0,0.0,0.0,0.0,0.0
2017-05-04 00:00:00+00:00,0.0,0.0,0.0,0.0,0.0,0.0,6.000000000000001,121.75719656286617,0.0,0.0,0.8502861238633692,0.22907812906201055,0,0.0,0.0,0.0,100.0,100.0,0.0,0.0,0.0,0.0,0.0,0.0,0.0,0.0,0.0,0.0,0.0,0.0,0.0,0.0,0.0,0.0,0.0,0.0,0.0,0.0,0.0,0.0,0.0,0.0,0.0,0.0,0.0,0.0,0.0,0.0,0.0,0.0,0.0,0.0,0.0,0,0,0,0,0.0,0.0,0.0,0.0,0.0,0.0,0.0,0.0,0.0,0.0,0.0,0.0
2017-05-05 00:00:00+00:00,0.0,0.0,0.0,0.0,0.0,0.0,6.000000000000001,271.75719656286617,0.0,0.0,-0.9995297472014893,-0.6850914988207192,0,0.0,0.0,0.0,100.0,100.0,0.0,0.0,0.0,0.0,0.0,0.0,0.0,0.0,0.0,0.0,0.0,0.0,0.0,0.0,0.0,0.0,0.0,0.0,0.0,0.0,0.0,0.0,0.0,0.0,0.0,0.0,0.0,0.0,0.0,0.0,0.0,0.0,0.0,0.0,0.0,0,0,0,0,0.0,0.0,0.0,0.0,0.0,0.0,0.0,0.0,0.0,0.0,0.0,0.0
2017-05-06 00:00:00+00:00,0.0,0.0,0.0,0.0,0.0,0.0,6.000000000000001,61.75719656286617,0.0,0.0,0.8809501819660862,0.9575351547289886,0,0.0,0.0,0.0,100.0,100.0,0.0,0.0,0.0,0.0,0.0,0.0,0.0,0.0,0.0,0.0,0.0,0.0,0.0,0.0,0.0,0.0,0.0,0.0,0.0,0.0,0.0,0.0,0.0,0.0,0.0,0.0,0.0,0.0,0.0,0.0,0.0,0.0,0.0,0.0,0.0,0,0,0,0,0.0,0.0,0.0,0.0,0.0,0.0,0.0,0.0,0.0,0.0,0.0,0.0
2017-05-07 00:00:00+00:00,0.0,0.0,0.0,0.0,0.0,0.0,6.000000000000001,211.75719656286617,0.0,0.0,-0.5263207269008197,-0.9734080392032156,0,0.0,0.0,0.0,100.0,100.0,0.0,0.0,0.0,0.0,0.0,0.0,0.0,0.0,0.0,0.0,0.0,0.0,0.0,0.0,0.0,0.0,0.0,0.0,0.0,0.0,0.0,0.0,0.0,0.0,0.0,0.0,0.0,0.0,0.0,0.0,0.0,0.0,0.0,0.0,0.0,0,0,0,0,0.0,0.0,0.0,0.0,0.0,0.0,0.0,0.0,0.0,0.0,0.0,0.0
2017-05-08 00:00:00+00:00,0.0,0.0,0.0,0.0,0.0,0.0,6.000000000000001,1.75719656286617,0.0,0.0,0.030664058102717228,0.7284570256669783,0,0.0,0.0,0.0,100.0,100.0,0.0,0.0,0.0,0.0,0.0,0.0,0.0,0.0,0.0,0.0,0.0,0.0,0.0,0.0,0.0,0.0,0.0,0.0,0.0,0.0,0.0,0.0,0.0,0.0,0.0,0.0,0.0,0.0,0.0,0.0,0.0,0.0,0.0,0.0,0.0,0,0,0,0,0.0,0.0,0.0,0.0,0.0,0.0,0.0,0.0,0.0,0.0,0.0,0.0
2017-05-09 00:00:00+00:00,0.0,0.0,0.0,0.0,0.0,0.0,6.000000000000001,151.75719656286617,0.0,0.0,0.47320902030066947,-0.2883165403824966,0,0.0,0.0,0.0,100.0,100.0,0.0,0.0,0.0,0.0,0.0,0.0,0.0,0.0,0.0,0.0,0.0,0.0,0.0,0.0,0.0,0.0,0.0,0.0,0.0,0.0,0.0,0.0,0.0,0.0,0.0,0.0,0.0,0.0,0.0,0.0,0.0,0.0,0.0,0.0,0.0,0,0,0,0,0.0,0.0,0.0,0.0,0.0,0.0,0.0,0.0,0.0,0.0,0.0,0.0
2017-05-10 00:00:00+00:00,0.0,0.0,0.0,0.0,0.0,0.0,6.000000000000001,301.75719656286617,0.0,0.0,-0.850286123863369,-0.22907812906201025,0,0.0,0.0,0.0,100.0,100.0,0.0,0.0,0.0,0.0,0.0,0.0,0.0,0.0,0.0,0.0,0.0,0.0,0.0,0.0,0.0,0.0,0.0,0.0,0.0,0.0,0.0,0.0,0.0,0.0,0.0,0.0,0.0,0.0,0.0,0.0,0.0,0.0,0.0,0.0,0.0,0,0,0,0,0.0,0.0,0.0,0.0,0.0,0.0,0.0,0.0,0.0,0.0,0.0,0.0
2017-05-11 00:00:00+00:00,0.0,0.0,0.0,0.0,0.0,0.0,6.000000000000001,91.75719656286617,0.0,0.0,0.9995297472014893,0.6850914988207191,0,0.0,0.0,0.0,100.0,100.0,0.0,0.0,0.0,0.0,0.0,0.0,0.0,0.0,0.0,0.0,0.0,0.0,0.0,0.0,0.0,0.0,0.0,0.0,0.0,0.0,0.0,0.0,0.0,0.0,0.0,0.0,0.0,0.0,0.0,0.0,0.0,0.0,0.0,0.0,0.0,0,0,0,0,0.0,0.0,0.0,0.0,0.0,0.0,0.0,0.0,0.0,0.0,0.0,0.0
2017-05-12 00:00:00+00:00,0.0,0.0,0.0,0.0,0.0,0.0,6.000000000000001,241.75719656286617,0.0,0.0,-0.8809501819660861,-0.9575351547289888,0,0.0,0.0,0.0,100.0,100.0,0.0,0.0,0.0,0.0,0.0,0.0,0.0,0.0,0.0,0.0,0.0,0.0,0.0,0.0,0.0,0.0,0.0,0.0,0.0,0.0,0.0,0.0,0.0,0.0,0.0,0.0,0.0,0.0,0.0,0.0,0.0,0.0,0.0,0.0,0.0,0,0,0,0,0.0,0.0,0.0,0.0,0.0,0.0,0.0,0.0,0.0,0.0,0.0,0.0
2017-05-13 00:00:00+00:00,0.0,0.0,0.0,0.0,0.0,0.0,6.000000000000001,31.75719656286617,0.0,0.0,0.5263207269008198,0.9734080392032156,0,0.0,0.0,0.0,100.0,100.0,0.0,0.0,0.0,0.0,0.0,0.0,0.0,0.0,0.0,0.0,0.0,0.0,0.0,0.0,0.0,0.0,0.0,0.0,0.0,0.0,0.0,0.0,0.0,0.0,0.0,0.0,0.0,0.0,0.0,0.0,0.0,0.0,0.0,0.0,0.0,0,0,0,0,0.0,0.0,0.0,0.0,0.0,0.0,0.0,0.0,0.0,0.0,0.0,0.0
2017-05-14 00:00:00+00:00,0.0,0.0,0.0,0.0,0.0,0.0,6.000000000000001,181.75719656286617,0.0,0.0,-0.030664058102717114,-0.7284570256669782,0,0.0,0.0,0.0,100.0,100.0,0.0,0.0,0.0,0.0,0.0,0.0,0.0,0.0,0.0,0.0,0.0,0.0,0.0,0.0,0.0,0.0,0.0,0.0,0.0,0.0,0.0,0.0,0.0,0.0,0.0,0.0,0.0,0.0,0.0,0.0,0.0,0.0,0.0,0.0,0.0,0,0,0,0,0.0,0.0,0.0,0.0,0.0,0.0,0.0,0.0,0.0,0.0,0.0,0.0
2017-05-15 00:00:00+00:00,0.0,0.0,0.0,0.0,0.0,0.0,6.000000000000001,-28.24280343713383,0.0,0.0,-0.47320902030066947,0.28831654038249654,0,0.0,0.0,0.0,100.0,100.0,0.0,0.0,0.0,0.0,0.0,0.0,0.0,0.0,0.0,0.0,0.0,0.0,0.0,0.0,0.0,0.0,0.0,0.0,0.0,0.0,0.0,0.0,0.0,0.0,0.0,0.0,0.0,0.0,0.0,0.0,0.0,0.0,0.0,0.0,0.0,0,0,0,0,0.0,0.0,0.0,0.0,0.0,0.0,0.0,0.0,0.0,0.0,0.0,0.0
2017-05-16 00:00:00+00:00,0.0,0.0,0.0,0.0,0.0,0.0,6.000000000000001,121.75719656286617,0.0,0.0,0.8502861238633692,0.22907812906201055,0,0.0,0.0,0.0,100.0,100.0,0.0,0.0,0.0,0.0,0.0,0.0,0.0,0.0,0.0,0.0,0.0,0.0,0.0,0.0,0.0,0.0,0.0,0.0,0.0,0.0,0.0,0.0,0.0,0.0,0.0,0.0,0.0,0.0,0.0,0.0,0.0,0.0,0.0,0.0,0.0,0,0,0,0,0.0,0.0,0.0,0.0,0.0,0.0,0.0,0.0,0.0,0.0,0.0,0.0
2017-05-17 00:00:00+00:00,0.0,0.0,0.0,0.0,0.0,0.0,6.000000000000001,271.75719656286617,0.0,0.0,-0.9995297472014893,-0.6850914988207192,0,0.0,0.0,0.0,100.0,100.0,0.0,0.0,0.0,0.0,0.0,0.0,0.0,0.0,0.0,0.0,0.0,0.0,0.0,0.0,0.0,0.0,0.0,0.0,0.0,0.0,0.0,0.0,0.0,0.0,0.0,0.0,0.0,0.0,0.0,0.0,0.0,0.0,0.0,0.0,0.0,0,0,0,0,0.0,0.0,0.0,0.0,0.0,0.0,0.0,0.0,0.0,0.0,0.0,0.0
2017-05-18 00:00:00+00:00,0.0,0.0,0.0,0.0,0.0,0.0,6.000000000000001,61.75719656286617,0.0,0.0,0.8809501819660862,0.9575351547289886,0,0.0,0.0,0.0,100.0,100.0,0.0,0.0,0.0,0.0,0.0,0.0,0.0,0.0,0.0,0.0,0.0,0.0,0.0,0.0,0.0,0.0,0.0,0.0,0.0,0.0,0.0,0.0,0.0,0.0,0.0,0.0,0.0,0.0,0.0,0.0,0.0,0.0,0.0,0.0,0.0,0,0,0,0,0.0,0.0,0.0,0.0,0.0,0.0,0.0,0.0,0.0,0.0,0.0,0.0
2017-05-19 00:00:00+00:00,0.0,0.0,0.0,0.0,0.0,0.0,6.000000000000001,211.75719656286617,0.0,0.0,-0.5263207269008197,-0.9734080392032156,0,0.0,0.0,0.0,100.0,100.0,0.0,0.0,0.0,0.0,0.0,0.0,0.0,0.0,0.0,0.0,0.0,0.0,0.0,0.0,0.0,0.0,0.0,0.0,0.0,0.0,0.0,0.0,0.0,0.0,0.0,0.0,0.0,0.0,0.0,0.0,0.0,0.0,0.0,0.0,0.0,0,0,0,0,0.0,0.0,0.0,0.0,0.0,0.0,0.0,0.0,0.0,0.0,0.0,0.0
2017-05-20 00:00:00+00:00,0.0,0.0,0.0,0.0,0.0,0.0,6.000000000000001,1.75719656286617,0.0,0.0,0.030664058102717228,0.7284570256669783,0,0.0,0.0,0.0,100.0,100.0,0.0,0.0,0.0,0.0,0.0,0.0,0.0,0.0,0.0,0.0,0.0,0.0,0.0,0.0,0.0,0.0,0.0,0.0,0.0,0.0,0.0,0.0,0.0,0.0,0.0,0.0,0.0,0.0,0.0,0.0,0.0,0.0,0.0,0.0,0.0,0,0,0,0,0.0,0.0,0.0,0.0,0.0,0.0,0.0,0.0,0.0,0.0,0.0,0.0
2017-05-21 00:00:00+00:00,0.0,0.0,0.0,0.0,0.0,0.0,6.000000000000001,151.75719656286617,0.0,0.0,0.47320902030066947,-0.2883165403824966,0,0.0,0.0,0.0,100.0,100.0,0.0,0.0,0.0,0.0,0.0,0.0,0.0,0.0,0.0,0.0,0.0,0.0,0.0,0.0,0.0,0.0,0.0,0.0,0.0,0.0,0.0,0.0,0.0,0.0,0.0,0.0,0.0,0.0,0.0,0.0,0.0,0.0,0.0,0.0,0.0,0,0,0,0,0.0,0.0,0.0,0.0,0.0,0.0,0.0,0.0,0.0,0.0,0.0,0.0
2017-05-22 00:00:00+00:00,0.0,0.0,0.0,0.0,0.0,0.0,6.000000000000001,301.75719656286617,0.0,0.0,-0.850286123863369,-0.22907812906201025,0,0.0,0.0,0.0,100.0,100.0,0.0,0.0,0.0,0.0,0.0,0.0,0.0,0.0,0.0,0.0,0.0,0.0,0.0,0.0,0.0,0.0,0.0,0.0,0.0,0.0,0.0,0.0,0.0,0.0,0.0,0.0,0.0,0.0,0.0,0.0,0.0,0.0,0.0,0.0,0.0,0,0,0,0,0.0,0.0,0.0,0.0,0.0,0.0,0.0,0.0,0.0,0.0,0.0,0.0
2017-05-23 00:00:00+00:00,0.0,0.0,0.0,0.0,0.0,0.0,6.000000000000001,91.75719656286617,0.0,0.0,0.9995297472014893,0.6850914988207191,0,0.0,0.0,0.0,100.0,100.0,0.0,0.0,0.0,0.0,0.0,0.0,0.0,0.0,0.0,0.0,0.0,0.0,0.0,0.0,0.0,0.0,0.0,0.0,0.0,0.0,0.0,0.0,0.0,0.0,0.0,0.0,0.0,0.0,0.0,0.0,0.0,0.0,0.0,0.0,0.0,0,0,0,0,0.0,0.0,0.0,0.0,0.0,0.0,0.0,0.0,0.0,0.0,0.0,0.0
2017-05-24 00:00:00+00:00,0.0,0.0,0.0,0.0,0.0,0.0,6.000000000000001,241.75719656286617,0.0,0.0,-0.8809501819660861,-0.9575351547289888,0,0.0,0.0,0.0,100.0,100.0,0.0,0.0,0.0,0.0,0.0,0.0,0.0,0.0,0.0,0.0,0.0,0.0,0.0,0.0,0.0,0.0,0.0,0.0,0.0,0.0,0.0,0.0,0.0,0.0,0.0,0.0,0.0,0.0,0.0,0.0,0.0,0.0,0.0,0.0,0.0,0,0,0,0,0.0,0.0,0.0,0.0,0.0,0.0,0.0,0.0,0.0,0.0,0.0,0.0
2017-05-25 00:00:00+00:00,0.0,0.0,0.0,0.0,0.0,0.0,6.000000000000001,31.75719656286617,0.0,0.0,0.5263207269008198,0.9734080392032156,0,0.0,0.0,0.0,100.0,100.0,0.0,0.0,0.0,0.0,0.0,0.0,0.0,0.0,0.0,0.0,0.0,0.0,0.0,0.0,0.0,0.0,0.0,0.0,0.0,0.0,0.0,0.0,0.0,0.0,0.0,0.0,0.0,0.0,0.0,0.0,0.0,0.0,0.0,0.0,0.0,0,0,0,0,0.0,0.0,0.0,0.0,0.0,0.0,0.0,0.0,0.0,0.0,0.0,0.0
2017-05-26 00:00:00+00:00,0.0,0.0,0.0,0.0,0.0,0.0,6.000000000000001,181.75719656286617,0.0,0.0,-0.030664058102717114,-0.7284570256669782,0,0.0,0.0,0.0,100.0,100.0,0.0,0.0,0.0,0.0,0.0,0.0,0.0,0.0,0.0,0.0,0.0,0.0,0.0,0.0,0.0,0.0,0.0,0.0,0.0,0.0,0.0,0.0,0.0,0.0,0.0,0.0,0.0,0.0,0.0,0.0,0.0,0.0,0.0,0.0,0.0,0,0,0,0,0.0,0.0,0.0,0.0,0.0,0.0,0.0,0.0,0.0,0.0,0.0,0.0
2017-05-27 00:00:00+00:00,0.0,0.0,0.0,0.0,0.0,0.0,6.000000000000001,-28.24280343713383,0.0,0.0,-0.47320902030066947,0.28831654038249654,0,0.0,0.0,0.0,100.0,100.0,0.0,0.0,0.0,0.0,0.0,0.0,0.0,0.0,0.0,0.0,0.0,0.0,0.0,0.0,0.0,0.0,0.0,0.0,0.0,0.0,0.0,0.0,0.0,0.0,0.0,0.0,0.0,0.0,0.0,0.0,0.0,0.0,0.0,0.0,0.0,0,0,0,0,0.0,0.0,0.0,0.0,0.0,0.0,0.0,0.0,0.0,0.0,0.0,0.0
2017-05-28 00:00:00+00:00,0.0,0.0,0.0,0.0,0.0,0.0,6.000000000000001,121.75719656286617,0.0,0.0,0.8502861238633692,0.22907812906201055,0,0.0,0.0,0.0,100.0,100.0,0.0,0.0,0.0,0.0,0.0,0.0,0.0,0.0,0.0,0.0,0.0,0.0,0.0,0.0,0.0,0.0,0.0,0.0,0.0,0.0,0.0,0.0,0.0,0.0,0.0,0.0,0.0,0.0,0.0,0.0,0.0,0.0,0.0,0.0,0.0,0,0,0,0,0.0,0.0,0.0,0.0,0.0,0.0,0.0,0.0,0.0,0.0,0.0,0.0
2017-05-29 00:00:00+00:00,0.0,0.0,0.0,0.0,0.0,0.0,6.000000000000001,271.75719656286617,0.0,0.0,-0.9995297472014893,-0.6850914988207192,0,0.0,0.0,0.0,100.0,100.0,0.0,0.0,0.0,0.0,0.0,0.0,0.0,0.0,0.0,0.0,0.0,0.0,0.0,0.0,0.0,0.0,0.0,0.0,0.0,0.0,0.0,0.0,0.0,0.0,0.0,0.0,0.0,0.0,0.0,0.0,0.0,0.0,0.0,0.0,0.0,0,0,0,0,0.0,0.0,0.0,0.0,0.0,0.0,0.0,0.0,0.0,0.0,0.0,0.0
2017-05-30 00:00:00+00:00,0.0,0.0,0.0,0.0,0.0,0.0,6.000000000000001,61.75719656286617,0.0,0.0,0.8809501819660862,0.9575351547289886,0,0.0,0.0,0.0,100.0,100.0,0.0,0.0,0.0,0.0,0.0,0.0,0.0,0.0,0.0,0.0,0.0,0.0,0.0,0.0,0.0,0.0,0.0,0.0,0.0,0.0,0.0,0.0,0.0,0.0,0.0,0.0,0.0,0.0,0.0,0.0,0.0,0.0,0.0,0.0,0.0,0,0,0,0,0.0,0.0,0.0,0.0,0.0,0.0,0.0,0.0,0.0,0.0,0.0,0.0
2017-05-31 00:00:00+00:00,0.0,0.0,0.0,0.0,0.0,0.0,6.000000000000001,211.75719656286617,0.0,0.0,-0.5263207269008197,-0.9734080392032156,0,0.0,0.0,0.0,100.0,100.0,0.0,0.0,0.0,0.0,0.0,0.0,0.0,0.0,0.0,0.0,0.0,0.0,0.0,0.0,0.0,0.0,0.0,0.0,0.0,0.0,0.0,0.0,0.0,0.0,0.0,0.0,0.0,0.0,0.0,0.0,0.0,0.0,0.0,0.0,0.0,0,0,0,0,0.0,0.0,0.0,0.0,0.0,0.0,0.0,0.0,0.0,0.0,0.0,0.0
2017-06-01 00:00:00+00:00,0.0,0.0,0.0,0.0,0.0,0.0,6.000000000000001,1.75719656286617,0.0,0.0,0.030664058102717228,0.7284570256669783,0,0.0,0.0,0.0,100.0,100.0,0.0,0.0,0.0,0.0,0.0,0.0,0.0,0.0,0.0,0.0,0.0,0.0,0.0,0.0,0.0,0.0,0.0,0.0,0.0,0.0,0.0,0.0,0.0,0.0,0.0,0.0,0.0,0.0,0.0,0.0,0.0,0.0,0.0,0.0,0.0,0,0,0,0,0.0,0.0,0.0,0.0,0.0,0.0,0.0,0.0,0.0,0.0,0.0,0.0
2017-06-02 00:00:00+00:00,0.0,0.0,0.0,0.0,0.0,0.0,6.000000000000001,151.75719656286617,0.0,0.0,0.47320902030066947,-0.2883165403824966,0,0.0,0.0,0.0,100.0,100.0,0.0,0.0,0.0,0.0,0.0,0.0,0.0,0.0,0.0,0.0,0.0,0.0,0.0,0.0,0.0,0.0,0.0,0.0,0.0,0.0,0.0,0.0,0.0,0.0,0.0,0.0,0.0,0.0,0.0,0.0,0.0,0.0,0.0,0.0,0.0,0,0,0,0,0.0,0.0,0.0,0.0,0.0,0.0,0.0,0.0,0.0,0.0,0.0,0.0
2017-06-03 00:00:00+00:00,0.0,0.0,0.0,0.0,0.0,0.0,6.000000000000001,301.75719656286617,0.0,0.0,-0.850286123863369,-0.22907812906201025,0,0.0,0.0,0.0,100.0,100.0,0.0,0.0,0.0,0.0,0.0,0.0,0.0,0.0,0.0,0.0,0.0,0.0,0.0,0.0,0.0,0.0,0.0,0.0,0.0,0.0,0.0,0.0,0.0,0.0,0.0,0.0,0.0,0.0,0.0,0.0,0.0,0.0,0.0,0.0,0.0,0,0,0,0,0.0,0.0,0.0,0.0,0.0,0.0,0.0,0.0,0.0,0.0,0.0,0.0
2017-06-04 00:00:00+00:00,0.0,0.0,0.0,0.0,0.0,0.0,6.000000000000001,91.75719656286617,0.0,0.0,0.9995297472014893,0.6850914988207191,0,0.0,0.0,0.0,100.0,100.0,0.0,0.0,0.0,0.0,0.0,0.0,0.0,0.0,0.0,0.0,0.0,0.0,0.0,0.0,0.0,0.0,0.0,0.0,0.0,0.0,0.0,0.0,0.0,0.0,0.0,0.0,0.0,0.0,0.0,0.0,0.0,0.0,0.0,0.0,0.0,0,0,0,0,0.0,0.0,0.0,0.0,0.0,0.0,0.0,0.0,0.0,0.0,0.0,0.0
2017-06-05 00:00:00+00:00,0.0,0.0,0.0,0.0,0.0,0.0,6.000000000000001,241.75719656286617,0.0,0.0,-0.8809501819660861,-0.9575351547289888,0,0.0,0.0,0.0,100.0,100.0,0.0,0.0,0.0,0.0,0.0,0.0,0.0,0.0,0.0,0.0,0.0,0.0,0.0,0.0,0.0,0.0,0.0,0.0,0.0,0.0,0.0,0.0,0.0,0.0,0.0,0.0,0.0,0.0,0.0,0.0,0.0,0.0,0.0,0.0,0.0,0,0,0,0,0.0,0.0,0.0,0.0,0.0,0.0,0.0,0.0,0.0,0.0,0.0,0.0
2017-06-06 00:00:00+00:00,0.0,0.0,0.0,0.0,0.0,0.0,6.000000000000001,31.75719656286617,0.0,0.0,0.5263207269008198,0.9734080392032156,0,0.0,0.0,0.0,100.0,100.0,0.0,0.0,0.0,0.0,0.0,0.0,0.0,0.0,0.0,0.0,0.0,0.0,0.0,0.0,0.0,0.0,0.0,0.0,0.0,0.0,0.0,0.0,0.0,0.0,0.0,0.0,0.0,0.0,0.0,0.0,0.0,0.0,0.0,0.0,0.0,0,0,0,0,0.0,0.0,0.0,0.0,0.0,0.0,0.0,0.0,0.0,0.0,0.0,0.0
2017-06-07 00:00:00+00:00,0.0,0.0,0.0,0.0,0.0,0.0,6.000000000000001,181.75719656286617,0.0,0.0,-0.030664058102717114,-0.7284570256669782,0,0.0,0.0,0.0,100.0,100.0,0.0,0.0,0.0,0.0,0.0,0.0,0.0,0.0,0.0,0.0,0.0,0.0,0.0,0.0,0.0,0.0,0.0,0.0,0.0,0.0,0.0,0.0,0.0,0.0,0.0,0.0,0.0,0.0,0.0,0.0,0.0,0.0,0.0,0.0,0.0,0,0,0,0,0.0,0.0,0.0,0.0,0.0,0.0,0.0,0.0,0.0,0.0,0.0,0.0
2017-06-08 00:00:00+00:00,0.0,0.0,0.0,0.0,0.0,0.0,6.000000000000001,-28.24280343713383,0.0,0.0,-0.47320902030066947,0.28831654038249654,0,0.0,0.0,0.0,100.0,100.0,0.0,0.0,0.0,0.0,0.0,0.0,0.0,0.0,0.0,0.0,0.0,0.0,0.0,0.0,0.0,0.0,0.0,0.0,0.0,0.0,0.0,0.0,0.0,0.0,0.0,0.0,0.0,0.0,0.0,0.0,0.0,0.0,0.0,0.0,0.0,0,0,0,0,0.0,0.0,0.0,0.0,0.0,0.0,0.0,0.0,0.0,0.0,0.0,0.0
2017-06-09 00:00:00+00:00,0.0,0.0,0.0,0.0,0.0,0.0,6.000000000000001,121.75719656286617,0.0,0.0,0.8502861238633692,0.22907812906201055,0,0.0,0.0,0.0,100.0,100.0,0.0,0.0,0.0,0.0,0.0,0.0,0.0,0.0,0.0,0.0,0.0,0.0,0.0,0.0,0.0,0.0,0.0,0.0,0.0,0.0,0.0,0.0,0.0,0.0,0.0,0.0,0.0,0.0,0.0,0.0,0.0,0.0,0.0,0.0,0.0,0,0,0,0,0.0,0.0,0.0,0.0,0.0,0.0,0.0,0.0,0.0,0.0,0.0,0.0
2017-06-10 00:00:00+00:00,0.0,0.0,0.0,0.0,0.0,0.0,6.000000000000001,271.75719656286617,0.0,0.0,-0.9995297472014893,-0.6850914988207192,0,0.0,0.0,0.0,100.0,100.0,0.0,0.0,0.0,0.0,0.0,0.0,0.0,0.0,0.0,0.0,0.0,0.0,0.0,0.0,0.0,0.0,0.0,0.0,0.0,0.0,0.0,0.0,0.0,0.0,0.0,0.0,0.0,0.0,0.0,0.0,0.0,0.0,0.0,0.0,0.0,0,0,0,0,0.0,0.0,0.0,0.0,0.0,0.0,0.0,0.0,0.0,0.0,0.0,0.0
2017-06-11 00:00:00+00:00,0.0,0.0,0.0,0.0,0.0,0.0,6.000000000000001,61.75719656286617,0.0,0.0,0.8809501819660862,0.9575351547289886,0,0.0,0.0,0.0,100.0,100.0,0.0,0.0,0.0,0.0,0.0,0.0,0.0,0.0,0.0,0.0,0.0,0.0,0.0,0.0,0.0,0.0,0.0,0.0,0.0,0.0,0.0,0.0,0.0,0.0,0.0,0.0,0.0,0.0,0.0,0.0,0.0,0.0,0.0,0.0,0.0,0,0,0,0,0.0,0.0,0.0,0.0,0.0,0.0,0.0,0.0,0.0,0.0,0.0,0.0
2017-06-12 00:00:00+00:00,0.0,0.0,0.0,0.0,0.0,0.0,6.000000000000001,211.75719656286617,0.0,0.0,-0.5263207269008197,-0.9734080392032156,0,0.0,0.0,0.0,100.0,100.0,0.0,0.0,0.0,0.0,0.0,0.0,0.0,0.0,0.0,0.0,0.0,0.0,0.0,0.0,0.0,0.0,0.0,0.0,0.0,0.0,0.0,0.0,0.0,0.0,0.0,0.0,0.0,0.0,0.0,0.0,0.0,0.0,0.0,0.0,0.0,0,0,0,0,0.0,0.0,0.0,0.0,0.0,0.0,0.0,0.0,0.0,0.0,0.0,0.0
2017-06-13 00:00:00+00:00,0.0,0.0,0.0,0.0,0.0,0.0,6.000000000000001,1.75719656286617,0.0,0.0,0.030664058102717228,0.7284570256669783,0,0.0,0.0,0.0,100.0,100.0,0.0,0.0,0.0,0.0,0.0,0.0,0.0,0.0,0.0,0.0,0.0,0.0,0.0,0.0,0.0,0.0,0.0,0.0,0.0,0.0,0.0,0.0,0.0,0.0,0.0,0.0,0.0,0.0,0.0,0.0,0.0,0.0,0.0,0.0,0.0,0,0,0,0,0.0,0.0,0.0,0.0,0.0,0.0,0.0,0.0,0.0,0.0,0.0,0.0
2017-06-14 00:00:00+00:00,0.0,0.0,0.0,0.0,0.0,0.0,6.000000000000001,151.75719656286617,0.0,0.0,0.47320902030066947,-0.2883165403824966,0,0.0,0.0,0.0,100.0,100.0,0.0,0.0,0.0,0.0,0.0,0.0,0.0,0.0,0.0,0.0,0.0,0.0,0.0,0.0,0.0,0.0,0.0,0.0,0.0,0.0,0.0,0.0,0.0,0.0,0.0,0.0,0.0,0.0,0.0,0.0,0.0,0.0,0.0,0.0,0.0,0,0,0,0,0.0,0.0,0.0,0.0,0.0,0.0,0.0,0.0,0.0,0.0,0.0,0.0
2017-06-15 00:00:00+00:00,0.0,0.0,0.0,0.0,0.0,0.0,6.000000000000001,301.75719656286617,0.0,0.0,-0.850286123863369,-0.22907812906201025,0,0.0,0.0,0.0,100.0,100.0,0.0,0.0,0.0,0.0,0.0,0.0,0.0,0.0,0.0,0.0,0.0,0.0,0.0,0.0,0.0,0.0,0.0,0.0,0.0,0.0,0.0,0.0,0.0,0.0,0.0,0.0,0.0,0.0,0.0,0.0,0.0,0.0,0.0,0.0,0.0,0,0,0,0,0.0,0.0,0.0,0.0,0.0,0.0,0.0,0.0,0.0,0.0,0.0,0.0
2017-06-16 00:00:00+00:00,0.0,0.0,0.0,0.0,0.0,0.0,6.000000000000001,91.75719656286617,0.0,0.0,0.9995297472014893,0.6850914988207191,0,0.0,0.0,0.0,100.0,100.0,0.0,0.0,0.0,0.0,0.0,0.0,0.0,0.0,0.0,0.0,0.0,0.0,0.0,0.0,0.0,0.0,0.0,0.0,0.0,0.0,0.0,0.0,0.0,0.0,0.0,0.0,0.0,0.0,0.0,0.0,0.0,0.0,0.0,0.0,0.0,0,0,0,0,0.0,0.0,0.0,0.0,0.0,0.0,0.0,0.0,0.0,0.0,0.0,0.0
2017-06-17 00:00:00+00:00,0.0,0.0,0.0,0.0,0.0,0.0,6.000000000000001,241.75719656286617,0.0,0.0,-0.8809501819660861,-0.9575351547289888,0,0.0,0.0,0.0,100.0,100.0,0.0,0.0,0.0,0.0,0.0,0.0,0.0,0.0,0.0,0.0,0.0,0.0,0.0,0.0,0.0,0.0,0.0,0.0,0.0,0.0,0.0,0.0,0.0,0.0,0.0,0.0,0.0,0.0,0.0,0.0,0.0,0.0,0.0,0.0,0.0,0,0,0,0,0.0,0.0,0.0,0.0,0.0,0.0,0.0,0.0,0.0,0.0,0.0,0.0
2017-06-18 00:00:00+00:00,0.0,0.0,0.0,0.0,0.0,0.0,6.000000000000001,31.75719656286617,0.0,0.0,0.5263207269008198,0.9734080392032156,0,0.0,0.0,0.0,100.0,100.0,0.0,0.0,0.0,0.0,0.0,0.0,0.0,0.0,0.0,0.0,0.0,0.0,0.0,0.0,0.0,0.0,0.0,0.0,0.0,0.0,0.0,0.0,0.0,0.0,0.0,0.0,0.0,0.0,0.0,0.0,0.0,0.0,0.0,0.0,0.0,0,0,0,0,0.0,0.0,0.0,0.0,0.0,0.0,0.0,0.0,0.0,0.0,0.0,0.0
2017-06-19 00:00:00+00:00,0.0,0.0,0.0,0.0,0.0,0.0,6.000000000000001,181.75719656286617,0.0,0.0,-0.030664058102717114,-0.7284570256669782,0,0.0,0.0,0.0,100.0,100.0,0.0,0.0,0.0,0.0,0.0,0.0,0.0,0.0,0.0,0.0,0.0,0.0,0.0,0.0,0.0,0.0,0.0,0.0,0.0,0.0,0.0,0.0,0.0,0.0,0.0,0.0,0.0,0.0,0.0,0.0,0.0,0.0,0.0,0.0,0.0,0,0,0,0,0.0,0.0,0.0,0.0,0.0,0.0,0.0,0.0,0.0,0.0,0.0,0.0
2017-06-20 00:00:00+00:00,0.0,0.0,0.0,0.0,0.0,0.0,6.000000000000001,-28.24280343713383,0.0,0.0,-0.47320902030066947,0.28831654038249654,0,0.0,0.0,0.0,100.0,100.0,0.0,0.0,0.0,0.0,0.0,0.0,0.0,0.0,0.0,0.0,0.0,0.0,0.0,0.0,0.0,0.0,0.0,0.0,0.0,0.0,0.0,0.0,0.0,0.0,0.0,0.0,0.0,0.0,0.0,0.0,0.0,0.0,0.0,0.0,0.0,0,0,0,0,0.0,0.0,0.0,0.0,0.0,0.0,0.0,0.0,0.0,0.0,0.0,0.0
2017-06-21 00:00:00+00:00,0.0,0.0,0.0,0.0,0.0,0.0,6.000000000000001,121.75719656286617,0.0,0.0,0.8502861238633692,0.22907812906201055,0,0.0,0.0,0.0,100.0,100.0,0.0,0.0,0.0,0.0,0.0,0.0,0.0,0.0,0.0,0.0,0.0,0.0,0.0,0.0,0.0,0.0,0.0,0.0,0.0,0.0,0.0,0.0,0.0,0.0,0.0,0.0,0.0,0.0,0.0,0.0,0.0,0.0,0.0,0.0,0.0,0,0,0,0,0.0,0.0,0.0,0.0,0.0,0.0,0.0,0.0,0.0,0.0,0.0,0.0
2017-06-22 00:00:00+00:00,0.0,0.0,0.0,0.0,0.0,0.0,6.000000000000001,271.75719656286617,0.0,0.0,-0.9995297472014893,-0.6850914988207192,0,0.0,0.0,0.0,100.0,100.0,0.0,0.0,0.0,0.0,0.0,0.0,0.0,0.0,0.0,0.0,0.0,0.0,0.0,0.0,0.0,0.0,0.0,0.0,0.0,0.0,0.0,0.0,0.0,0.0,0.0,0.0,0.0,0.0,0.0,0.0,0.0,0.0,0.0,0.0,0.0,0,0,0,0,0.0,0.0,0.0,0.0,0.0,0.0,0.0,0.0,0.0,0.0,0.0,0.0
2017-06-23 00:00:00+00:00,0.0,0.0,0.0,0.0,0.0,0.0,6.000000000000001,61.75719656286617,0.0,0.0,0.8809501819660862,0.9575351547289886,0,0.0,0.0,0.0,100.0,100.0,0.0,0.0,0.0,0.0,0.0,0.0,0.0,0.0,0.0,0.0,0.0,0.0,0.0,0.0,0.0,0.0,0.0,0.0,0.0,0.0,0.0,0.0,0.0,0.0,0.0,0.0,0.0,0.0,0.0,0.0,0.0,0.0,0.0,0.0,0.0,0,0,0,0,0.0,0.0,0.0,0.0,0.0,0.0,0.0,0.0,0.0,0.0,0.0,0.0
2017-06-24 00:00:00+00:00,0.0,0.0,0.0,0.0,0.0,0.0,6.000000000000001,211.75719656286617,0.0,0.0,-0.5263207269008197,-0.9734080392032156,0,0.0,0.0,0.0,100.0,100.0,0.0,0.0,0.0,0.0,0.0,0.0,0.0,0.0,0.0,0.0,0.0,0.0,0.0,0.0,0.0,0.0,0.0,0.0,0.0,0.0,0.0,0.0,0.0,0.0,0.0,0.0,0.0,0.0,0.0,0.0,0.0,0.0,0.0,0.0,0.0,0,0,0,0,0.0,0.0,0.0,0.0,0.0,0.0,0.0,0.0,0.0,0.0,0.0,0.0
2017-06-25 00:00:00+00:00,0.0,0.0,0.0,0.0,0.0,0.0,6.000000000000001,1.75719656286617,0.0,0.0,0.030664058102717228,0.7284570256669783,0,0.0,0.0,0.0,100.0,100.0,0.0,0.0,0.0,0.0,0.0,0.0,0.0,0.0,0.0,0.0,0.0,0.0,0.0,0.0,0.0,0.0,0.0,0.0,0.0,0.0,0.0,0.0,0.0,0.0,0.0,0.0,0.0,0.0,0.0,0.0,0.0,0.0,0.0,0.0,0.0,0,0,0,0,0.0,0.0,0.0,0.0,0.0,0.0,0.0,0.0,0.0,0.0,0.0,0.0
2017-06-26 00:00:00+00:00,0.0,0.0,0.0,0.0,0.0,0.0,6.000000000000001,151.75719656286617,0.0,0.0,0.47320902030066947,-0.2883165403824966,0,0.0,0.0,0.0,100.0,100.0,0.0,0.0,0.0,0.0,0.0,0.0,0.0,0.0,0.0,0.0,0.0,0.0,0.0,0.0,0.0,0.0,0.0,0.0,0.0,0.0,0.0,0.0,0.0,0.0,0.0,0.0,0.0,0.0,0.0,0.0,0.0,0.0,0.0,0.0,0.0,0,0,0,0,0.0,0.0,0.0,0.0,0.0,0.0,0.0,0.0,0.0,0.0,0.0,0.0
2017-06-27 00:00:00+00:00,0.0,0.0,0.0,0.0,0.0,0.0,6.000000000000001,301.75719656286617,0.0,0.0,-0.850286123863369,-0.22907812906201025,0,0.0,0.0,0.0,100.0,100.0,0.0,0.0,0.0,0.0,0.0,0.0,0.0,0.0,0.0,0.0,0.0,0.0,0.0,0.0,0.0,0.0,0.0,0.0,0.0,0.0,0.0,0.0,0.0,0.0,0.0,0.0,0.0,0.0,0.0,0.0,0.0,0.0,0.0,0.0,0.0,0,0,0,0,0.0,0.0,0.0,0.0,0.0,0.0,0.0,0.0,0.0,0.0,0.0,0.0
2017-06-28 00:00:00+00:00,0.0,0.0,0.0,0.0,0.0,0.0,6.000000000000001,91.75719656286617,0.0,0.0,0.9995297472014893,0.6850914988207191,0,0.0,0.0,0.0,100.0,100.0,0.0,0.0,0.0,0.0,0.0,0.0,0.0,0.0,0.0,0.0,0.0,0.0,0.0,0.0,0.0,0.0,0.0,0.0,0.0,0.0,0.0,0.0,0.0,0.0,0.0,0.0,0.0,0.0,0.0,0.0,0.0,0.0,0.0,0.0,0.0,0,0,0,0,0.0,0.0,0.0,0.0,0.0,0.0,0.0,0.0,0.0,0.0,0.0,0.0
2017-06-29 00:00:00+00:00,0.0,0.0,0.0,0.0,0.0,0.0,6.000000000000001,241.75719656286617,0.0,0.0,-0.8809501819660861,-0.9575351547289888,0,0.0,0.0,0.0,100.0,100.0,0.0,0.0,0.0,0.0,0.0,0.0,0.0,0.0,0.0,0.0,0.0,0.0,0.0,0.0,0.0,0.0,0.0,0.0,0.0,0.0,0.0,0.0,0.0,0.0,0.0,0.0,0.0,0.0,0.0,0.0,0.0,0.0,0.0,0.0,0.0,0,0,0,0,0.0,0.0,0.0,0.0,0.0,0.0,0.0,0.0,0.0,0.0,0.0,0.0
2017-06-30 00:00:00+00:00,0.0,0.0,0.0,0.0,0.0,0.0,6.000000000000001,31.75719656286617,0.0,0.0,0.5263207269008198,0.9734080392032156,0,0.0,0.0,0.0,100.0,100.0,0.0,0.0,0.0,0.0,0.0,0.0,0.0,0.0,0.0,0.0,0.0,0.0,0.0,0.0,0.0,0.0,0.0,0.0,0.0,0.0,0.0,0.0,0.0,0.0,0.0,0.0,0.0,0.0,0.0,0.0,0.0,0.0,0.0,0.0,0.0,0,0,0,0,0.0,0.0,0.0,0.0,0.0,0.0,0.0,0.0,0.0,0.0,0.0,0.0
2017-07-01 00:00:00+00:00,0.0,0.0,0.0,0.0,0.0,0.0,6.000000000000001,181.75719656286617,0.0,0.0,-0.030664058102717114,-0.7284570256669782,0,0.0,0.0,0.0,100.0,100.0,0.0,0.0,0.0,0.0,0.0,0.0,0.0,0.0,0.0,0.0,0.0,0.0,0.0,0.0,0.0,0.0,0.0,0.0,0.0,0.0,0.0,0.0,0.0,0.0,0.0,0.0,0.0,0.0,0.0,0.0,0.0,0.0,0.0,0.0,0.0,0,0,0,0,0.0,0.0,0.0,0.0,0.0,0.0,0.0,0.0,0.0,0.0,0.0,0.0
2017-07-02 00:00:00+00:00,0.0,0.0,0.0,0.0,0.0,0.0,6.000000000000001,-28.24280343713383,0.0,0.0,-0.47320902030066947,0.28831654038249654,0,0.0,0.0,0.0,100.0,100.0,0.0,0.0,0.0,0.0,0.0,0.0,0.0,0.0,0.0,0.0,0.0,0.0,0.0,0.0,0.0,0.0,0.0,0.0,0.0,0.0,0.0,0.0,0.0,0.0,0.0,0.0,0.0,0.0,0.0,0.0,0.0,0.0,0.0,0.0,0.0,0,0,0,0,0.0,0.0,0.0,0.0,0.0,0.0,0.0,0.0,0.0,0.0,0.0,0.0
2017-07-03 00:00:00+00:00,0.0,0.0,0.0,0.0,0.0,0.0,6.000000000000001,121.75719656286617,0.0,0.0,0.8502861238633692,0.22907812906201055,0,0.0,0.0,0.0,100.0,100.0,0.0,0.0,0.0,0.0,0.0,0.0,0.0,0.0,0.0,0.0,0.0,0.0,0.0,0.0,0.0,0.0,0.0,0.0,0.0,0.0,0.0,0.0,0.0,0.0,0.0,0.0,0.0,0.0,0.0,0.0,0.0,0.0,0.0,0.0,0.0,0,0,0,0,0.0,0.0,0.0,0.0,0.0,0.0,0.0,0.0,0.0,0.0,0.0,0.0
2017-07-04 00:00:00+00:00,0.0,0.0,0.0,0.0,0.0,0.0,6.000000000000001,271.75719656286617,0.0,0.0,-0.9995297472014893,-0.6850914988207192,0,0.0,0.0,0.0,100.0,100.0,0.0,0.0,0.0,0.0,0.0,0.0,0.0,0.0,0.0,0.0,0.0,0.0,0.0,0.0,0.0,0.0,0.0,0.0,0.0,0.0,0.0,0.0,0.0,0.0,0.0,0.0,0.0,0.0,0.0,0.0,0.0,0.0,0.0,0.0,0.0,0,0,0,0,0.0,0.0,0.0,0.0,0.0,0.0,0.0,0.0,0.0,0.0,0.0,0.0
2017-07-05 00:00:00+00:00,0.0,0.0,0.0,0.0,0.0,0.0,6.000000000000001,61.75719656286617,0.0,0.0,0.8809501819660862,0.9575351547289886,0,0.0,0.0,0.0,100.0,100.0,0.0,0.0,0.0,0.0,0.0,0.0,0.0,0.0,0.0,0.0,0.0,0.0,0.0,0.0,0.0,0.0,0.0,0.0,0.0,0.0,0.0,0.0,0.0,0.0,0.0,0.0,0.0,0.0,0.0,0.0,0.0,0.0,0.0,0.0,0.0,0,0,0,0,0.0,0.0,0.0,0.0,0.0,0.0,0.0,0.0,0.0,0.0,0.0,0.0
2017-07-06 00:00:00+00:00,0.0,0.0,0.0,0.0,0.0,0.0,6.000000000000001,211.75719656286617,0.0,0.0,-0.5263207269008197,-0.9734080392032156,0,0.0,0.0,0.0,100.0,100.0,0.0,0.0,0.0,0.0,0.0,0.0,0.0,0.0,0.0,0.0,0.0,0.0,0.0,0.0,0.0,0.0,0.0,0.0,0.0,0.0,0.0,0.0,0.0,0.0,0.0,0.0,0.0,0.0,0.0,0.0,0.0,0.0,0.0,0.0,0.0,0,0,0,0,0.0,0.0,0.0,0.0,0.0,0.0,0.0,0.0,0.0,0.0,0.0,0.0
2017-07-07 00:00:00+00:00,0.0,0.0,0.0,0.0,0.0,0.0,6.000000000000001,1.75719656286617,0.0,0.0,0.030664058102717228,0.7284570256669783,0,0.0,0.0,0.0,100.0,100.0,0.0,0.0,0.0,0.0,0.0,0.0,0.0,0.0,0.0,0.0,0.0,0.0,0.0,0.0,0.0,0.0,0.0,0.0,0.0,0.0,0.0,0.0,0.0,0.0,0.0,0.0,0.0,0.0,0.0,0.0,0.0,0.0,0.0,0.0,0.0,0,0,0,0,0.0,0.0,0.0,0.0,0.0,0.0,0.0,0.0,0.0,0.0,0.0,0.0
2017-07-08 00:00:00+00:00,0.0,0.0,0.0,0.0,0.0,0.0,6.000000000000001,151.75719656286617,0.0,0.0,0.47320902030066947,-0.2883165403824966,0,0.0,0.0,0.0,100.0,100.0,0.0,0.0,0.0,0.0,0.0,0.0,0.0,0.0,0.0,0.0,0.0,0.0,0.0,0.0,0.0,0.0,0.0,0.0,0.0,0.0,0.0,0.0,0.0,0.0,0.0,0.0,0.0,0.0,0.0,0.0,0.0,0.0,0.0,0.0,0.0,0,0,0,0,0.0,0.0,0.0,0.0,0.0,0.0,0.0,0.0,0.0,0.0,0.0,0.0
2017-07-09 00:00:00+00:00,0.0,0.0,0.0,0.0,0.0,0.0,6.000000000000001,301.75719656286617,0.0,0.0,-0.850286123863369,-0.22907812906201025,0,0.0,0.0,0.0,100.0,100.0,0.0,0.0,0.0,0.0,0.0,0.0,0.0,0.0,0.0,0.0,0.0,0.0,0.0,0.0,0.0,0.0,0.0,0.0,0.0,0.0,0.0,0.0,0.0,0.0,0.0,0.0,0.0,0.0,0.0,0.0,0.0,0.0,0.0,0.0,0.0,0,0,0,0,0.0,0.0,0.0,0.0,0.0,0.0,0.0,0.0,0.0,0.0,0.0,0.0
2017-07-10 00:00:00+00:00,0.0,0.0,0.0,0.0,0.0,0.0,6.000000000000001,91.75719656286617,0.0,0.0,0.9995297472014893,0.6850914988207191,0,0.0,0.0,0.0,100.0,100.0,0.0,0.0,0.0,0.0,0.0,0.0,0.0,0.0,0.0,0.0,0.0,0.0,0.0,0.0,0.0,0.0,0.0,0.0,0.0,0.0,0.0,0.0,0.0,0.0,0.0,0.0,0.0,0.0,0.0,0.0,0.0,0.0,0.0,0.0,0.0,0,0,0,0,0.0,0.0,0.0,0.0,0.0,0.0,0.0,0.0,0.0,0.0,0.0,0.0
2017-07-11 00:00:00+00:00,0.0,0.0,0.0,0.0,0.0,0.0,6.000000000000001,241.75719656286617,0.0,0.0,-0.8809501819660861,-0.9575351547289888,0,0.0,0.0,0.0,100.0,100.0,0.0,0.0,0.0,0.0,0.0,0.0,0.0,0.0,0.0,0.0,0.0,0.0,0.0,0.0,0.0,0.0,0.0,0.0,0.0,0.0,0.0,0.0,0.0,0.0,0.0,0.0,0.0,0.0,0.0,0.0,0.0,0.0,0.0,0.0,0.0,0,0,0,0,0.0,0.0,0.0,0.0,0.0,0.0,0.0,0.0,0.0,0.0,0.0,0.0
2017-07-12 00:00:00+00:00,0.0,0.0,0.0,0.0,0.0,0.0,6.000000000000001,31.75719656286617,0.0,0.0,0.5263207269008198,0.9734080392032156,0,0.0,0.0,0.0,100.0,100.0,0.0,0.0,0.0,0.0,0.0,0.0,0.0,0.0,0.0,0.0,0.0,0.0,0.0,0.0,0.0,0.0,0.0,0.0,0.0,0.0,0.0,0.0,0.0,0.0,0.0,0.0,0.0,0.0,0.0,0.0,0.0,0.0,0.0,0.0,0.0,0,0,0,0,0.0,0.0,0.0,0.0,0.0,0.0,0.0,0.0,0.0,0.0,0.0,0.0
2017-07-13 00:00:00+00:00,0.0,0.0,0.0,0.0,0.0,0.0,6.000000000000001,181.75719656286617,0.0,0.0,-0.030664058102717114,-0.7284570256669782,0,0.0,0.0,0.0,100.0,100.0,0.0,0.0,0.0,0.0,0.0,0.0,0.0,0.0,0.0,0.0,0.0,0.0,0.0,0.0,0.0,0.0,0.0,0.0,0.0,0.0,0.0,0.0,0.0,0.0,0.0,0.0,0.0,0.0,0.0,0.0,0.0,0.0,0.0,0.0,0.0,0,0,0,0,0.0,0.0,0.0,0.0,0.0,0.0,0.0,0.0,0.0,0.0,0.0,0.0
2017-07-14 00:00:00+00:00,0.09099,0.09103,0.08548,0.08709,939.25,82.95,6.000000000000001,150.0,0.0,0.0003301217887350241,0.49999999999999994,-0.2588190451025208,1,7.142857142857143,3.5714285714285716,0.004082884615384615,92.85714285714286,100.0,7.142857142857143,0.7027027027027029,466.66666666666674,100.0,100.0,0.00725846153846154,0.0014516923076923081,0.005806769230769232,100.0,0.0,0.0,0.09099,116.66666666666666,0.0,100.0,33.318686147423925,11.106228715807974,99.95605844227178,33.318686147423925,100.0,18.181818181818183,0.0,99.95605844227178,-0.04394155772821968,0.09099000000000002,0.018198,-0.05459400000000001,0.011361914672216441,0.005870322580645161,0.006066,0.04043999999999998,0.003033,0.045495,0.005870322580645162,0.003033,0,0,0,0,0.0896225,0.0,0.9999999999999999,0.036396000000000005,0.025997142857142858,0.0013246688160000002,0.006502142857142857,7.145997205344387,0.09103,925.7112612612618,294.5444922194924,939.25
2017-07-15 00:00:00+00:00,0.08764,0.0937,0.08713,0.09099,3736.52,337.98,6.000000000000001,171.37056309788989,0.0,0.000565558959583332,0.1500433179052412,-0.5930052773211026,1,13.775510204081632,6.887755102040816,0.00801544871794872,85.71428571428572,100.0,14.285714285714286,-0.5098934550989349,233.8260018699222,92.37255747009603,100.0,0.01259533640149025,0.0036804211264518964,0.008914915275038352,100.0,0.0,0.0,0.08764,116.66666666666667,0.0,96.18627873504802,64.49620304532503,32.60496306424965,93.5325506937033,64.49620304532503,96.33105895495416,32.39077104966109,276.9634380240296,93.74999999999999,-6.467449306296702,0.12326211515254717,0.035726,-0.05181011515254718,0.02121819207143097,0.011145785639958376,0.01645816666666667,0.05881278117945067,0.005954333333333334,0.045495,0.01132883870967742,0.005954333333333334,0,0,0,0,0.0890275,0.6581012445252961,0.9999871709021877,0.04376805757627359,0.048037472527472536,0.0019156428639999998,0.006506989795918368,7.424680278318539,0.006570000000000006,-2230.709743304953,-616.0525798908284,-2797.27
2017-07-16 00:00:00+00:00,0.08224,0.08764,0.07559,0.08764,8356.1,677.69,6.000000000000001,193.42197758494308,0.0,0.00466131492153756,-0.23212102499301884,-0.8519278626313842,1,18.15234479272822,9.07617239636411,0.011705705128205129,78.57142857142857,92.85714285714286,14.285714285714286,-0.44813278008298807,144.1470913061822,80.42757551739734,75.05119444513386,0.01620234278817667,0.006184805458796851,0.01001753732937982,37.94791474517454,11.941117993665792,0.011539999999999995,0.08224,116.66666666666667,0.0,90.21378775869867,93.75269539680137,63.85586152985011,87.76947705442902,93.75269539680137,90.77726170618699,43.00649662357489,134.9761531441144,89.51208390332877,-12.230522945570984,0.13755660206857132,0.052174,-0.03320860206857132,0.02944588876701234,0.015732509147057837,0.029355833333333338,0.06618622975643006,0.008695666666666666,0.045495,0.016250494623655916,0.008695666666666666,0,0,0,0,0.08192749999999999,1.7383264199913253,0.9992540898405626,0.04269130103428566,0.06564571428571428,0.001822547184,0.006902919096209913,8.393627305702715,0.012049999999999991,-1363.8943906078657,-656.7598989968111,-11153.37
2017-07-17 00:00:00+00:00,0.08754,0.08839,0.0817,0.08224,6292.27,537.57,6.198,212.69401139834767,0.0034662822480000005,0.007566081048768528,-0.5401523621329019,-0.9770233029884912,1,22.231972668708654,11.115986334354327,0.01563378205128205,71.42857142857143,85.71428571428572,14.285714285714286,0.7922272047832604,115.3226763676493,81.63301924974398,75.2671350564543,0.019266494882723847,0.00880114334358225,0.010465351539141597,58.36572359595444,11.112664409131286,0.010715714285714282,0.08754,116.66666666666666,0.0,90.81650962487198,91.57595161864106,83.27495002025582,93.42582710779082,91.57595161864106,91.28727673440127,51.78482028008878,89.01901605836453,89.38456248925563,-6.574172892209177,0.13958887107860002,0.069682,-0.00022487107860001687,0.03752775075027548,0.020365250492408945,0.043741666666666665,0.0730354155559525,0.011613666666666666,0.045495,0.021337225806451615,0.011613666666666666,0,0,0,0,0.0862925,1.9406750091580358,0.9993960043268789,0.034953435539300005,0.08205703296703297,0.0012217426560000005,0.0068877105893377765,7.868072411854896,0.0066900000000000015,3329.4430234429765,879.6271839302649,-4861.1
2017-07-18 00:00:00+00:00,0.1077,0.1091,0.08478,0.08754,6751.39,628.12,6.291060000000002,227.71491905898642,0.005938375014,0.01811685065714249,-0.7398063134105428,-0.998877575205848,1,26.38182918420242,13.19091459210121,0.020466474358974363,64.28571428571429,100.0,35.714285714285715,0.8289473684210522,111.44560888789437,85.33329585698587,80.32996388562138,0.023055827778648577,0.011652080230595515,0.011403747548053062,70.54068011867963,8.739052655098249,0.009950306122448975,0.1077,116.6666666666667,0.0,92.66664792849294,92.33914893540225,92.55593198361488,95.82214264398688,92.33914893540225,92.84435307722318,59.25018987956776,67.25148325983803,90.22465519692877,-1.2832263978001819,0.10862642426511149,0.091222,0.07381757573488851,0.047325976478603475,0.025999750460640625,0.05950066666666667,0.08479733611656431,0.015203666666666667,0.05385,0.027536344086021507,0.015203666666666667,0,0,0,0,0.10232,0.3586119333766536,0.9966171415726297,0.008702212132555742,0.10134241758241758,7.572849600000035e-05,0.008132874118670792,7.551415151969165,0.02432000000000001,9303.534832653504,3329.030458610121,1890.29
2017-07-19 00:00:00+00:00,0.08685,0.1087,0.08429,0.1077,6961.31,681.57,6.567250200000002,235.47011304074556,0.028156971744000003,0.024733095607549816,-0.823830624385243,-0.9833498325505026,1,30.16843297859151,15.084216489295756,0.02436358974358974,57.142857142857146,92.85714285714286,35.714285714285715,-0.8541581319131506,82.69561470090325,51.36829988990249,79.39428230564972,0.02409868599877594,0.0141414013842316,0.00995728461454434,55.119247766450485,7.4763847260910055,0.009729569970845467,0.08685,116.66666666666666,0.0,75.68414994495124,74.28329320980872,86.06613125461735,33.601909877648446,74.28329320980872,77.94166954841495,62.64864072844907,52.9772067483363,78.43339189434786,-20.39413382218149,0.10815407027013116,0.090394,0.07263392972986885,0.05354845715665699,0.029925573011567036,0.0697932857142857,0.0851639065843274,0.018098666666666666,0.05385,0.03215868817204301,0.018098666666666666,0,0,0,0,0.09167249999999999,0.3614695141965793,0.9956011436054331,0.008880035135065576,0.11112010989010987,7.885502399999911e-05,0.009295525967337164,10.702965995782574,0.02441,3802.36031811028,2278.04622920539,-5071.02
2017-07-20 00:00:00+00:00,0.08051,0.09525,0.07498,0.08685,5992.85,528.53,6.987521634000002,241.04249077178395,0.043832199212999995,0.004852941109337085,-0.8749790032866652,-0.9610570178918836,1,32.45469998000068,16.22734999000034,0.02797621794871795,50.0,85.71428571428572,35.714285714285715,-0.3127775037000493,58.39759587722154,42.79851927149515,62.176170998319925,0.02413535627381845,0.016140192362148968,0.007995163911669483,47.16559462739236,13.00004379676071,0.018344600687213646,0.08051,116.66666666666667,0.0,71.39925963574758,48.543851817489234,71.72209798756674,16.207502930832337,48.543851817489234,74.19545421007406,64.7480613614718,43.088206591971925,72.83910650696018,-26.205316223648033,0.10844550867025857,0.088968,0.06949049132974144,0.058340873828474235,0.03318908443017561,0.07990707142857142,0.08448250675823116,0.020782333333333333,0.05385,0.03618522580645161,0.020782333333333333,0,0,0,0,0.0828125,0.4475344903843179,0.9954381840953738,0.00973875433512928,0.11622318681318679,9.484333599999936e-05,0.010079416969670225,12.519459656775837,0.020269999999999996,1079.41268614185,774.6105952584635,-11063.87
2017-07-21 00:00:00+00:00,0.08158,0.08751,0.07963,0.08051,6953.95,578.1,7.527849894780003,251.36617592949926,0.033889238702999994,-0.013257253823382173,-0.9475799499863468,-0.8959740906977557,0,34.57766219559492,17.28883109779746,0.03163685897435897,42.85714285714286,78.57142857142857,35.714285714285715,0.13578680203045707,49.97450149505624,43.3811256103971,62.176170998319925,0.023974395876500555,0.017707033065019286,0.00626736281148127,40.44757725858982,12.262598256097073,0.017034272066698386,0.08158,116.66666666666667,0.0,71.69056280519854,23.050968786883203,48.62603793806039,19.343493552168802,23.050968786883203,74.41019168534865,66.50481232944941,36.02791580344087,56.07620767226226,-25.224564619615034,0.10850213576684564,0.088836,0.06916986423315435,0.06276074784063283,0.036311078983067506,0.08508761904761905,0.08405312717161646,0.023501666666666664,0.05385,0.04010765591397849,0.023501666666666664,0,0,0,0,0.08257500000000001,0.23131205799552937,0.9954507026554131,0.00983306788342282,0.11897780219780217,9.668922400000134e-05,0.009922315757550924,12.162681732717484,0.007879999999999998,-2432.861552436841,-1028.3922032001774,-4109.920000000001
2017-07-22 00:00:00+00:00,0.08247,0.08473,0.07986,0.08158,7476.7,610.55,8.174490869502604,271.7114638726815,0.0233407881612,-0.015845540259166374,-0.999553904420725,-0.6856727247364844,1,36.54898425293242,18.27449212646621,0.0353374358974359,35.714285714285715,71.42857142857143,35.714285714285715,0.18275154004106817,43.051838958573605,43.89301459224214,62.176170998319925,0.02364607196547941,0.01889484084511131,0.004751231120368099,35.10709131225344,11.816469414535714,0.015817538347648503,0.08247,116.66666666666666,0.0,71.94650729612107,19.167643610785458,30.254154738385974,21.951934349355206,19.167643610785458,74.59212384433543,67.97523260488323,30.789170185194692,57.5230129424301,-24.408799266727776,0.10816213726600696,0.087822,0.06748186273399304,0.06681817869688969,0.03928907388738573,0.086835875,0.08381694403766213,0.026250666666666665,0.05385,0.04391206451612902,0.026250666666666665,0,0,0,0,0.0823825,0.22322797882060774,0.9951268680262111,0.010170068633003479,0.11929725274725275,0.00010343029600000126,0.009561436060583002,11.593835407521524,0.004869999999999999,-1895.5217167078836,-1501.5222909103913,3366.779999999999
2017-07-23 00:00:00+00:00,0.08353,0.08456,0.08142,0.08247,6010.32,500.07,8.920823466566747,283.1953757575098,0.016034883105959994,-0.018060657590988974,-0.9735973295029602,-0.5270243871381278,1,38.379497591888665,19.189748795944332,0.039085576923076924,28.571428571428573,64.28571428571429,35.714285714285715,0.3375796178343933,39.08715902547405,44.5361832092766,62.17617099831991,0.023203925631027168,0.01975665780229448,0.003447267828732687,41.38963932838942,11.52531984184606,0.014687714179959325,0.08353,116.66666666666667,0.0,72.2680916046383,22.217099929215,21.478570775627897,25.355871886120962,22.217099929215,74.81275267475652,69.21841807213292,26.768479104251153,57.32732200383859,-23.437213565536215,0.08733311956107181,0.08298799999999999,0.07864288043892817,0.07056646863999527,0.042143327184973746,0.08732217261904762,0.0837737104988623,0.029035,0.05385,0.047607505376344075,0.029035,0,0,0,0,0.08326,0.6236850941523565,0.9946356150525493,0.0021725597805359147,0.11720076923076925,4.7200160000022626e-06,0.009102762056255643,10.89759614061492,0.00313999999999999,171.72210494814271,-900.8140843639806,9377.099999999999
2017-07-24 00:00:00+00:00,0.08316,0.08397,0.08227,0.08353,7016.62,582.55,9.765257764999722,292.16403979787856,0.006658079387922008,-0.020059227338967284,-0.926107544357052,-0.3880940934617219,1,40.079259978062325,20.039629989031162,0.04281711538461539,21.42857142857143,57.142857142857146,35.714285714285715,-0.21764705882352575,33.96047342563646,43.916031951994725,62.17617099831993,0.0225635668147922,0.020318039604794023,0.0022455272099981757,37.188334797371084,11.36209331851089,0.013638591738533658,-0.007830000000000004,116.6666666666667,-8.60534124629081,71.95801597599737,29.221003657179775,23.535249065726756,40.35520473606312,29.221003657179775,74.57890716792613,70.19305245318623,23.582227797325615,55.56078220213154,-23.776351970669115,0.0844393195289859,0.08225,0.08006068047101411,0.07385446652510642,0.04478956414078189,0.08675717499999999,0.08368228808946963,0.031807,0.05385,0.05109944086021505,0.031807,0,0,0,0,0.08313999999999999,0.7027628733361384,0.9940289014795967,0.0010946597644929433,0.11224483516483519,1.1982799999997462e-06,0.008573993337951669,10.31023729912418,0.001700000000000007,501.9159873010691,-468.11593872233755,2360.4799999999987
2017-07-25 00:00:00+00:00,0.07965,0.08316,0.07548,0.08316,7414.59,600.08,10.709859349189816,299.39303050361696,-0.0035536623111557947,-0.013943396770337145,-0.8712735185307461,-0.26903697835488394,1,40.591171878778475,20.295585939389237,0.04639115384615384,14.285714285714286,50.0,35.714285714285715,-0.45703125000000033,17.427407724778064,37.87252732559123,47.24602658808839,0.021524726524980838,0.020559376988831386,0.000965349536149452,33.73136930652202,16.328767987903568,0.019454406614352673,-0.007989999999999997,116.66666666666663,-9.116841624828842,68.93626366279561,33.45813942268978,28.298747669694862,34.66334164588523,33.45813942268978,72.35929859881746,70.58691538875554,20.973443107763146,46.0493240417073,-26.993583868011005,0.08484579768046545,0.08207800000000001,0.07931020231953458,0.0763323316190482,0.04703862451879596,0.08622407348484848,0.08314328854906498,0.034462,0.05385,0.05418608602150537,0.034462,0,0,0,0,0.079485,-0.9605385191193073,0.9940971772380963,0.001383898840232719,0.1035445054945055,1.915175999997465e-06,0.008510136670955121,10.684415154997014,0.007679999999999992,1139.107315426064,-45.8043712180455,-5054.1100000000015
2017-07-26 00:00:00+00:00,0.07989,0.08117,0.07761,0.07965,7097.39,567.52,11.75945607526118,305.4824107112869,-0.006129832171798992,-0.004704862622352859,-0.8142937505727135,-0.16535037888280607,1,41.06651864372918,20.53325932186459,0.042393461538461526,7.142857142857143,42.85714285714286,35.714285714285715,0.06741573033707966,-0.20888040105040503,38.064046086026224,47.24602658808838,0.020484669585385265,0.02054443550814216,-5.976592275689502e-05,39.15415892346916,15.819708441713626,0.018064806141898912,-0.002349999999999991,98.96565656565653,-2.8574902723735307,69.03202304301311,40.89807401920802,34.52573903302587,47.67567567567568,40.89807401920802,72.41736481345002,70.91972437506362,18.80788457591398,52.5588640676556,-26.773602199816683,0.08503168649783002,0.08174000000000001,0.07844831350216999,0.07854456389535294,0.04915806809822848,0.08573836969696971,0.08270734047710883,0.037125,0.05385,0.05711692473118278,0.037125,0,0,0,0,0.07964,-0.6453213898009257,0.993827879698113,0.001645843248915008,0.09228692307692311,2.708799999999109e-06,0.008156555480172613,10.20973273272326,0.0035600000000000076,3132.7561918305555,765.4663099095071,2043.2799999999988
2017-07-27 00:00:00+00:00,0.07745,0.08187,0.07706,0.07989,7932.67,636.82,12.921070912859395,310.54725319754857,-0.006283758337304366,0.001213217269245548,-0.7598700917444653,-0.07763688760747327,1,41.54893696680377,24.34589705483046,0.03856544871794872,0.0,35.714285714285715,35.714285714285715,-0.5072765072765073,-93.0383018951536,33.556341796651104,47.8203751667735,0.01924172275709375,0.020283892957932478,-0.001042170200838726,35.902032585663555,15.133230515539909,0.016774462846048988,-0.010090000000000002,84.17576113722856,-11.526159469956587,66.77817089832556,34.67835085461723,36.344854765505026,21.696035242290765,34.67835085461723,0.0,58.02522903414297,16.974514330746636,53.700136942961294,-92.76084407971864,0.08532948408073789,0.08073600000000002,0.07614251591926215,0.08018147241646725,0.05098335402737503,0.0851969062937063,0.08205427043041807,0.03970666666666667,0.092575,0.05971853763440859,0.03970666666666667,0,0,0,0,0.07845750000000001,-0.4722146034900189,0.993669122658313,0.002296742040368937,0.07769846153846155,5.275023999998067e-06,0.007917515803017425,10.222744742436959,0.004809999999999995,-3513.534889250519,-1086.967056328609,-5889.390000000001
2017-07-28 00:00:00+00:00,0.0688,0.07786,0.06683,0.07745,10397.83,745.9,14.135799022289639,313.94065888646344,-0.003429125977268004,0.005684119069334774,-0.7200588705580404,-0.018487936963035394,1,40.45234514677419,27.113927675427913,0.03479929487179487,100.0,28.571428571428573,-71.42857142857143,-0.7842248413417957,-178.25172567674068,18.75389075440539,26.196651486389687,0.01735859663513209,0.0196988336933724,-0.0023402370582403104,31.998834222492366,22.64549538709036,0.025806286928474063,-0.038900000000000004,71.80806878306878,-36.1188486536676,59.376945377202695,26.955097727225688,34.17717420035033,11.493582263710614,26.955097727225688,0.0,47.47518739157152,15.374942967815542,44.21173090880961,-95.33948426780222,0.08749122466495787,0.07779000000000003,0.06808877533504218,0.08052248612780052,0.05213281505786696,0.08440729270729272,0.08080242682724059,0.042,0.08825,0.061595526881720424,0.042,0,0,0,0,0.0705725,1.8718689850592536,0.9935217526468298,0.004850612332478921,0.07408351648351649,2.3528439999996598e-05,0.008139836102801895,11.831157126165545,0.011029999999999998,-10197.180827600474,-3872.580135962042,-16287.220000000001
2017-07-29 00:00:00+00:00,0.07577,0.07681,0.06434,0.0688,13758.39,944.81,15.265396202664174,-41.566294171968536,-0.0004811376566985995,0.002279785854256241,-0.6634861848719488,0.05989360548631505,1,39.101205031017344,28.62677491187278,0.030904230769230753,100.0,21.42857142857143,-78.57142857142857,0.5589414595028066,-144.78141261476262,25.882296729754472,21.53638352617823,0.016241405552283136,0.01900734806515455,-0.0027659425128714124,37.07817723026266,22.363223606692888,0.026452980719297352,-0.011079999999999993,60.15331980805074,-12.75762809441565,62.94114836487724,31.307626664239233,30.98035841536073,60.733262486716306,31.307626664239233,7.287441551077963,40.16832451148178,14.004078405465004,53.56891099692348,-74.46380697050937,0.08440956901792086,0.07631200000000002,0.06821443098207917,0.08164246800784225,0.053657794731552966,0.08369365531135532,0.08028249742241532,0.04452566666666667,0.08825,0.06377423655913977,0.04452566666666667,0,0,0,0,0.0731725,1.6839107447042407,0.9932187852377287,0.0040487845089604195,0.07260252747252749,1.6392655999997868e-05,0.008449133524030332,11.151027483212792,0.012470000000000009,1266.3053071228642,-1012.6235224035618,-2528.8300000000017
2017-07-30 00:00:00+00:00,0.07011,0.07668,0.06988,0.07577,12529.37,918.38,16.26907386241145,-37.42655336142741,-0.0015648361352599153,-0.0034186027998681775,-0.6077439408432558,0.1317970035876882,1,37.84657492352884,30.03927379611875,0.02507519230769229,92.85714285714286,14.285714285714286,-78.57142857142857,-0.8323529411764703,-118.28783548503677,16.91179914737611,21.536383526178234,0.014729516179084863,0.018151781687940613,-0.00342226550885575,36.17326295585183,21.059455013297754,0.024563482096490397,-0.010399999999999993,46.37344581329839,-12.917649981368761,58.45589957368805,35.04728253422676,31.103335641897242,32.91500285225334,35.04728253422676,0.0,32.864992782121455,12.801032502564325,48.02092111085266,-87.1090259159964,0.08294020618307618,0.07440400000000003,0.06586779381692387,0.08189139088930292,0.05471922732951729,0.0829311467032967,0.07939787094736872,0.04686266666666668,0.08825,0.06542483870967741,0.04686266666666668,0,0,0,0,0.07169500000000001,2.6043113415384203,0.9930090465150873,0.004268103091538079,0.06894626373626372,1.8216703999996905e-05,0.00833133827231388,11.883238157629268,0.0068000000000000005,-10415.489663465343,-3467.519350916471,-15058.200000000003
2017-07-31 00:00:00+00:00,0.07248,0.07334,0.06759,0.07011,11567.69,824.4,17.182996613909367,-32.802206491601055,-0.0033051531135459772,-0.0033910541429904026,-0.541740580557666,0.21128715548152033,1,36.35258165928584,31.36720542174413,0.021089999999999977,85.71428571428572,7.142857142857143,-78.57142857142857,0.4121739130434774,-108.80299317576993,19.498651427599956,16.93066922412678,0.013566189562714881,0.017234663262895467,-0.0036684737001805856,29.29772437672846,22.005541247078583,0.025098947661026796,-0.009099999999999997,37.091100949700966,-11.15469477813189,59.74932571379998,46.694316246285204,37.68307514825042,46.43468339988595,46.694316246285204,2.458692857538489,27.33657461401546,11.748144465105348,50.39099245068256,-81.81411974977657,0.07947684431546613,0.07292200000000001,0.0663671556845339,0.08235613446864862,0.05586508363083876,0.08224532559523809,0.07877675194925084,0.04927866666666668,0.08825,0.0670775698924731,0.04927866666666668,0,0,0,0,0.0714725,2.227410317556625,0.9926916062866172,0.0032774221577330604,0.0672989010989011,1.0741495999999628e-05,0.008146956967148605,11.240282791319817,0.005750000000000005,-2308.0478025957727,-1576.925293129937,-3490.510000000002
2017-08-01 00:00:00+00:00,0.08357,0.08526,0.07237,0.07248,12950.98,1017.6,18.14865523111328,-25.6443906082726,-0.004034496105660415,-0.006455793180678868,-0.43278432486743984,0.33143025893703293,1,36.00491613603932,33.08667455731542,0.018130769230769214,78.57142857142857,0.0,-78.57142857142857,0.8603568657874324,12.62139759131368,30.4158342388809,31.48526433383462,0.013384823244331379,0.01646469525918265,-0.0030798720148512704,31.938199721268766,19.61791182999146,0.023306165685239168,0.0011000000000000038,30.180609886486554,1.3338183581908636,65.20791711944045,57.090430790228716,46.27734319024691,91.92160611854686,57.090430790228716,27.657649262835353,27.394951822891805,10.846340324525737,53.568145388136415,-56.650135256988264,0.08469469546436878,0.07414600000000002,0.06359730453563125,0.08410654530356551,0.05765249759013948,0.0819052138888889,0.0792686023643851,0.052064333333333344,0.077825,0.06928991397849461,0.052064333333333344,0,0,0,0,0.0811925,0.6695364707292178,0.9922873065887092,0.005274347732184381,0.0728612087912088,2.781874399999853e-05,0.008485745755209419,10.15405738328278,0.012889999999999999,7246.942096550858,2380.0804523412035,9460.469999999998
2017-08-02 00:00:00+00:00,0.08016,0.08497,0.07963,0.08357,13303.45,1084.53,19.192346706072996,-18.029737845009436,-0.008485846652479161,-0.00382196985167332,-0.3095105732295361,0.45352798545764045,1,35.68208386445327,34.06839192222698,0.014929358974358958,71.42857142857143,0.0,-71.42857142857143,-0.6385767790262195,48.26380016240505,24.810937837556583,31.485264333834635,0.012818170735690956,0.015735390354484312,-0.0029172196187933555,41.26496296257367,18.71211505851356,0.02164143956486494,-0.003369999999999998,23.638371425033515,-4.034478630432181,62.4054689187783,71.32590147746357,58.37021617132584,75.6214149139579,71.32590147746357,18.276533563000758,25.737057593820705,10.054282914553614,52.27405744977705,-48.81915237787125,0.0862515051736389,0.07641800000000003,0.06658449482636115,0.08521034273431562,0.0591045945198079,0.08171046600877194,0.07935191296685035,0.054736333333333345,0.076185,0.07110253763440859,0.054736333333333345,0,0,0,0,0.08123,0.34649942936335054,0.9917473629803707,0.004916752586819439,0.07457879120879113,2.4174455999995646e-05,0.008261049629837317,10.305700636024598,0.0053399999999999975,-3415.7481656214823,389.8104054935434,-3842.980000000003
2017-08-03 00:00:00+00:00,0.07896,0.08379,0.07828,0.08016,10981.88,886.45,20.225430792245774,-10.412048857366642,-0.007045317598248142,0.008159294204054812,-0.18072597869757986,0.5676706333142466,1,35.17103322510674,34.87434771035083,0.011599935897435881,64.28571428571429,0.0,-64.28571428571429,-0.21778584392014383,32.43949564533076,22.810684660698122,28.52737491360189,0.01213240970201894,0.015014794223991237,-0.002882384521972297,39.76955880544117,18.994623616802457,0.021445622453088876,-0.004199999999999995,17.524088976690557,-5.05050505050505,61.40534233034906,77.2964569259453,68.57092973121253,64.34634974533108,77.2964569259453,12.040396997471928,23.246755667211836,9.349394765896935,52.66388339426295,-36.90116529995683,0.08705115562660104,0.07705600000000004,0.06706084437339904,0.08600544395005294,0.06038558842175578,0.08159703040935673,0.079316479200969,0.05736833333333334,0.076185,0.07266535483870967,0.05736833333333334,0,0,0,0,0.0799975,0.3213324223539692,0.9911039086651975,0.004997577813300499,0.07505934065934058,2.4975783999993395e-05,0.008064546084848937,10.213457554266638,0.005510000000000001,-11687.037094841084,-3091.6020371043314,-14824.860000000002
2017-08-04 00:00:00+00:00,0.07648,0.08071,0.07633,0.07896,12010.86,941.31,21.19633430962672,-4.031637596878511,-0.0035146464869989795,0.008129755057112885,-0.07030729823130802,0.6556421932826849,1,34.38608724487422,35.467535748903316,0.008070897435897423,57.142857142857146,0.0,-57.142857142857146,-0.5662100456620984,-4.742294002573631,18.581051168778156,24.181789501851448,0.011259036701825542,0.014263642719558097,-0.003004606017732555,38.45999786589261,20.018286597696775,0.02186379227786825,-0.0031699999999999923,11.673982260843099,-3.979912115505324,59.29052558438907,63.426342228440625,70.68290021061651,50.311262026032864,63.426342228440625,0.0,19.020072818627867,8.713257623616698,54.23828621792973,-41.96940726577434,0.08575150389072032,0.07833000000000004,0.07090849610927975,0.0863622580464472,0.061423937555836056,0.08145568111946534,0.07907713259215798,0.059917666666666675,0.076185,0.07389836559139785,0.059917666666666675,0,0,0,0,0.07750000000000001,0.42994967804541157,0.9901889309124684,0.0037107519453601443,0.07507054945054946,1.3769679999994094e-05,0.007801364221645442,10.200528532486194,0.004380000000000009,-22875.235451005407,-7794.642782664445,-26835.72
2017-08-05 00:00:00+00:00,0.07916,0.07932,0.07132,0.07648,11731.75,897.16,21.82316040463482,1.8587813137594367,-0.0029066011981851003,0.016187229214652783,0.032436163598388114,0.7296705393448105,1,32.89840071425222,35.63894915307044,0.004692948717948717,50.0,71.42857142857143,21.42857142857143,0.3349999999999982,-20.354709107456078,21.718617162058912,13.55847581616619,0.010660251169459484,0.013542964409538375,-0.002882713240078891,37.48559061157553,23.13344619762738,0.02531209282944909,-0.0007300000000000084,6.501695360803684,-0.9137564150707322,60.859308581029445,56.966214923309735,65.89633802589856,56.241032998565245,56.966214923309735,7.586383704768685,16.941220252471652,8.141167611987509,54.173300224986164,-29.15869980879544,0.08426080750412629,0.07966600000000004,0.0750711924958738,0.08696803496932107,0.06256819964900792,0.0813106997949419,0.0790843621180258,0.06255633333333334,0.076185,0.0751398064516129,0.06255633333333334,0,0,0,0,0.07724,0.46141256465242797,0.9892460226656985,0.0022974037520631253,0.07617208791208795,5.278063999993726e-06,0.00781555249152791,9.87310825104587,0.008000000000000007,-11612.755451005427,-5426.493743787731,-15103.970000000001
2017-08-06 00:00:00+00:00,0.08103,0.08315,0.07851,0.07916,12467.97,1004.15,22.003015940042097,31.132189056884872,0.006547318935481796,0.01791338688994429,0.5170143024774668,0.9708512897015459,1,31.92321928153194,36.00123962979713,0.0016914102564102584,42.85714285714286,64.28571428571429,21.42857142857143,0.40301724137931216,64.89166805952932,23.92164501244983,19.245860656168308,0.01021880665071731,0.012878132857774161,-0.002659326207056851,40.20950433468023,22.12312065703275,0.023504086198774157,0.00358,2.24632054975516,4.622336991607479,61.96082250622492,59.229275386709766,59.87394417948672,71.13553113553117,59.229275386709766,13.15231969911076,16.252329242769672,7.626293216270774,58.24151134854966,-20.219885277246636,0.08221993141660294,0.07915800000000003,0.07609606858339713,0.08769917571048613,0.06375928354262031,0.08110060735930735,0.079257955488821,0.06525733333333333,0.076185,0.07633165591397849,0.06525733333333333,0,0,0,0,0.08093,1.7749909318081978,0.9877459705184884,0.0015309657083014568,0.07810340659340655,2.3438559999949815e-06,0.0075887273135616315,9.365330511614996,0.004640000000000005,-10537.930451005397,-3622.398114812,-2636.000000000002
2017-08-07 00:00:00+00:00,0.0812,0.08248,0.07955,0.08103,13122.9,1063.54,22.128849345505287,49.243889618982564,0.009312586400762343,-0.001323451938218241,0.7574953656850794,0.9972580828222499,0,31.017693665434535,35.80443277210651,-0.0013225000000000042,35.714285714285715,57.142857142857146,21.42857142857143,0.05802047781569607,73.4182349123946,24.13068033865867,19.24586065616832,0.00977005317705075,0.01225651692162948,-0.00248646374457873,47.372001434913976,21.485017301752915,0.021825222898861716,0.012399999999999994,-1.6864320326447388,18.023255813953476,62.06534016932933,68.86890549992468,61.68813193664806,79.23015236567758,68.86890549992468,17.33606578007458,16.449372249552383,7.159952435910499,56.23366407233031,-19.40726577437862,0.08279163512359222,0.07936600000000002,0.07594036487640782,0.08833248753200318,0.06488449105599964,0.08094851731601731,0.07943157647127061,0.067964,0.076185,0.07736021505376343,0.067964,0,0,0,0,0.0811075,1.7331996242938086,0.9853868166851067,0.0017128175617960979,0.0801006593406593,2.9337439999971293e-06,0.007255961076878659,8.935912656254507,0.002930000000000002,-8880.772430527602,-2027.7725223688103,10486.899999999998
2017-08-08 00:00:00+00:00,0.0853,0.08744,0.078,0.0812,14118.44,1162.33,22.498845709451416,63.46728512666439,0.00505362985984758,-0.008847170203655734,0.8946794446991988,0.9485046759377158,1,30.69559220978646,35.881055426757825,-0.003949102564102566,28.571428571428573,100.0,71.42857142857143,0.4343220338983056,110.31419787821832,29.18435637754131,26.508273286361472,0.009634191587402571,0.011732051854784098,-0.0020978602673815266,54.43237559363141,19.530469152698874,0.02026627840608588,0.009529999999999997,-4.833617359156147,12.577537283885443,64.59217818877066,79.03008308601086,69.04275465754843,86.72456575682381,79.03008308601086,32.54055505290467,19.37504185016189,6.74026844443083,54.15509124129036,-9.264069264069274,0.08640822687465544,0.08063400000000001,0.07485977312534459,0.08936899668056489,0.06620162066528998,0.08082395454545455,0.07998139553170781,0.07080733333333335,0.07705000000000001,0.07847866666666665,0.07080733333333335,0,0,0,0,0.08401,0.7742543167815715,0.9826174019137943,0.0028871134373277137,0.08271681318681318,8.335423999998245e-06,0.0074119638571016125,8.689289398712324,0.009440000000000004,-1163.4895491716761,1264.4163660956356,24605.339999999997
2017-08-09 00:00:00+00:00,0.08316,0.09358,0.08037,0.0853,14600.47,1287.42,22.49025311247128,75.35083821433622,0.001629527177917193,-0.008388693722044158,0.9674925299447705,0.8629475463462729,1,30.95847956448416,36.253708265643965,-0.002451282051282047,21.42857142857143,100.0,78.57142857142857,-0.1619984859954582,129.01813090816532,24.522036947252605,34.3760151755543,0.009247243714175055,0.01123509022666229,-0.0019878465124872347,56.761505236781275,17.175736809670692,0.018818687091365457,0.013049999999999992,-3.011417240363696,18.61360718870346,62.26101847362631,73.04809861346034,73.64902906646529,53.189577717879615,73.04809861346034,20.82986207998341,19.63955461922035,6.356768625784204,50.51812008865848,-35.6361149110807,0.08615354873283257,0.08197000000000002,0.07778645126716746,0.08999191885248806,0.06729570965462611,0.08030772727272728,0.08026306741050125,0.07357933333333334,0.07705000000000001,0.0792756129032258,0.07357933333333334,0,0,0,0,0.08506749999999999,0.7701331753934882,0.977804535581983,0.002091774366416279,0.08457747252747254,4.375519999996226e-06,0.007826109295880068,9.410905839201622,0.01321,-9596.614916317776,-186.99319326954355,10004.869999999997
2017-08-10 00:00:00+00:00,0.08447,0.09092,0.08249,0.08316,15588.64,1368.78,21.997367584608764,89.81246127495004,-0.0007608200975504569,-0.0007443743645230235,0.9999946431896611,0.7094174686662442,1,31.20258925098917,35.82746719888168,-0.0016043589743589687,14.285714285714286,92.85714285714286,78.57142857142857,0.15539739027283564,112.12513787434165,26.276089764975573,34.3760151755543,0.008943199155786827,0.010776712012487196,-0.0018335128567003693,63.363933910765844,15.861475010043543,0.017474495156267925,0.01199,-1.9739228917639045,16.542494481236215,63.138044882487776,60.48058098707488,70.85292089551537,41.52759948652121,60.48058098707488,45.83169305853519,24.401761608186682,6.005920847428614,50.214540216558646,-31.155950752393956,0.08644869782099372,0.08303200000000002,0.07961530217900632,0.09067219967577363,0.06840372838658572,0.07990472727272727,0.08064148875465695,0.076395,0.07705000000000001,0.07997823655913977,0.076395,0,0,0,0,0.08558750000000001,0.08695112523125542,0.9690580252249631,0.0017083489104968478,0.08627560439560442,2.918455999995767e-06,0.007869244346174349,9.31602266624168,0.008430000000000007,-17862.47740742095,-3393.7994244272595,25593.509999999995
2017-08-11 00:00:00+00:00,0.08494,0.08718,0.08317,0.08447,16993.32,1449.17,21.374388332603548,115.79643206846742,0.0017195330037123393,0.004821866961832894,0.9003458724340311,0.3289254544504635,1,31.429262531315253,35.2652337811663,-0.0004723717948717787,7.142857142857143,85.71428571428572,78.57142857142857,0.11720698254364045,91.13477286697186,26.932174486145115,34.37601517555429,0.008640563685188798,0.010349482347027516,-0.0017089186618387178,60.35196630530275,15.263183135416519,0.016226316930820217,0.0013699999999999962,-0.5804409744539608,1.6393442622950838,63.46608724307256,46.420488250846496,59.98305595046057,44.54428754813866,46.420488250846496,49.705938773165066,29.002521092728205,5.683608505530047,51.07282701650052,-29.54856361149109,0.08680292890513963,0.08381400000000003,0.08082507109486042,0.09130040714058119,0.06947058461970922,0.07968366666666668,0.08103020297337354,0.07922633333333334,0.077705,0.08052952688172041,0.07922633333333334,0,0,0,0,0.08505750000000001,-0.08086612501640018,0.9440575423571655,0.0014944644525698022,0.08635571428571437,2.233423999994759e-06,0.007593584035733324,8.939938822384418,0.00401,-19854.213168019385,-5030.881586052441,42586.829999999994
2017-08-12 00:00:00+00:00,0.08016,0.0876,0.08001,0.08494,14511.98,1216.3,20.885337949212754,133.06643112682096,0.0032328916762448924,0.004342898798751687,0.730562472748218,0.0337407379161629,1,31.021763308030298,34.43416911577957,0.00045147435897439914,0.0,78.57142857142857,78.57142857142857,-0.6297760210803698,44.00424098455251,15.659012099776948,25.72427340532589,0.007923677619219513,0.009864321401465915,-0.001940643782246402,52.9292758743237,17.145967969000235,0.018227294292904483,0.0,0.5567043230545488,0.0,57.82950604988848,33.31193838254173,46.73766920682103,13.863928112965313,33.31193838254173,0.0,23.729335439504894,5.381159780186895,40.004658675142295,-51.63524432474029,0.08734439751765108,0.08360600000000003,0.07986760248234898,0.09122681801398477,0.07016022432166347,0.07953998484848485,0.08096070157354297,0.08189833333333334,0.077705,0.0805897634408602,0.08189833333333334,0,0,0,0,0.08198249999999999,-0.040044464035234206,0.6910306672956417,0.0018691987588255292,0.08576351648351653,3.493903999994899e-06,0.007593328033180943,9.472714612251675,0.0075899999999999995,-33792.597120588565,-9678.184492893626,28074.849999999995
2017-08-13 00:00:00+00:00,0.07382,0.08046,0.06801,0.08016,19771.54,1447.03,20.665982143437112,153.41820490743822,0.005295898240882685,0.0022379746750588857,0.4474749606311725,-0.3159505126737047,0,28.840204973152986,32.59639331621941,0.0009420512820512983,7.142857142857143,71.42857142857143,64.28571428571429,-0.5092369477911645,-132.4165804130318,2.63843831454504,0.4799466197479242,0.0067659614408194235,0.009244649409336617,-0.0024786879685171938,51.03124392776219,26.02059668589231,0.02892534470055416,-0.005140000000000006,1.1805950533260272,-6.509625126646412,51.31921915727252,27.04338514475855,35.59193725938225,22.72193977317167,27.04338514475855,0.0,19.414910814140367,5.0912750971682685,41.247562728580576,-76.02924201616007,0.08950793144640642,0.08131000000000002,0.07311206855359362,0.09032467885943374,0.07039633888155615,0.07933354761904762,0.08082041382255863,0.081326,0.07889,0.08006858064516127,0.081326,0,0,0,0,0.0740275,0.8667035772727907,0.6913748235123458,0.004098965723203204,0.08222000000000008,1.680151999999477e-05,0.007940233173668019,10.756208579880818,0.012450000000000003,-35110.69978725525,-11118.915213004999,8303.309999999994
2017-08-14 00:00:00+00:00,0.0709,0.07991,0.06853,0.07382,27241.6,1976.94,20.661317833831774,180.2041304158812,0.004805607197744253,-0.004554086959584277,-0.0035627403235014266,-0.7096215313195386,1,26.814472233624052,31.409694184831686,0.0007838461538461766,0.0,64.28571428571429,64.28571428571429,-0.2565905096660801,-163.9077290281458,-2.7895851684955315,0.47994661974792496,0.005548879404285806,0.008505495408326454,-0.0029566160040406485,47.47823309978125,23.436769826900743,0.026859248650514575,-0.005580000000000002,0.9899403024224197,-7.29602510460251,48.60520741575223,16.400148890897697,25.585157472732647,12.614578786556105,16.400148890897697,0.0,15.884927029751209,4.812337161568325,37.51804943340886,-88.69769260852559,0.09013245537487215,0.07885800000000003,0.0675835446251279,0.08910187163319529,0.0704288331472622,0.07895047619047621,0.08063010914168002,0.08076799999999999,0.0781,0.07939593548387096,0.08076799999999999,0,0,0,0,0.07256,1.4225859897573137,0.6852336145429432,0.005637227687436061,0.07813659340659342,3.177833599999572e-05,0.008185930804120303,11.545741613709875,0.011380000000000001,-51005.6228101023,-15754.970086410533,-18938.290000000005
2017-08-15 00:00:00+00:00,0.06939,0.0752,0.06616,0.0709,27205.7,1904.84,20.75028891089954,210.51347400827663,0.0022233622249550134,-0.006710273941506571,-0.5077409746422482,-0.968206494422779,1,25.257339449066084,30.469711656759678,0.00041403846153847956,100.0,57.142857142857146,-42.85714285714286,-0.16703539823008964,-163.04397749454574,-5.570689492156349,5.014613249812526,0.004411634168776157,0.007686723160416395,-0.0032750889916402376,39.24223050216153,23.65444029208729,0.027310730889763532,-0.009770000000000001,0.5257400163118823,-12.342091965639213,47.21465525392182,16.800605689063485,20.081379908239896,15.065298507462671,16.800605689063485,0.0,12.996758478887353,4.544419303746161,31.62427120214283,-88.22027716994896,0.08755725091493888,0.07584200000000003,0.06412674908506119,0.08776744045338329,0.07036181165389044,0.07847642857142857,0.08046011405794969,0.08033966666666666,0.077345,0.07866187096774192,0.08033966666666666,0,0,0,0,0.07003499999999999,1.1872346217030354,0.7081385788167329,0.005857625457469421,0.07562373626373635,3.431177599999384e-05,0.00824693574668314,11.884905240932612,0.009040000000000006,-58770.081438420915,-18689.777544867757,-46143.990000000005
2017-08-16 00:00:00+00:00,0.06974,0.07667,0.06831,0.06939,20924.93,1493.12,20.81453635883858,238.18756715494462,0.0012568840294206551,-0.009749102068378234,-0.8497783266896632,-0.9736284307389371,1,23.589871591133363,29.38045240812005,0.0003077564102564184,92.85714285714286,50.0,-42.85714285714286,0.04186602870813431,-112.21764782482417,-4.822118152221345,1.912789438007953,0.003498275261538966,0.0068490335806409095,-0.0033507583191019433,40.6284705847883,21.943348840903468,0.025359964397637564,-0.011290000000000008,0.3930574317409741,-13.933111193385173,47.588940923889325,14.792546162682877,15.997766914214672,16.697761194029848,14.792546162682877,1.4723657376796082,10.901414344122308,4.28895782392289,31.878042879214004,-86.94383661560904,0.08079257845215077,0.07280200000000003,0.0648114215478493,0.08656685108393958,0.07032169477299428,0.0779735238095238,0.08022324299628451,0.07974633333333331,0.077345,0.07797802150537633,0.07974633333333331,0,0,0,0,0.071115,1.348536357115682,0.7194734422215653,0.003995289226075366,0.07307879120879118,1.5962335999993894e-05,0.008255011764777201,11.836839352992833,0.008360000000000006,-72536.48275421039,-22571.528510636206,-25219.060000000005
2017-08-17 00:00:00+00:00,0.07048,0.07225,0.06808,0.06974,22913.07,1610.07,20.711895155915137,260.22236706099653,-0.0028738965827732684,-0.015693609667571114,-0.9854742695858338,-0.8169198090866576,1,22.076205492139668,28.23114636850694,4.5576923076939835e-05,85.71428571428572,42.85714285714286,-42.85714285714286,0.17745803357314285,-107.6135157079508,-3.15665341918694,2.398546205221551,0.002801845630381161,0.00603959599058896,-0.0032377503602077987,39.05548806736153,21.328883480640265,0.023778538369234874,-0.010719999999999993,0.05855437403646855,-13.201970443349742,48.42167329040653,20.65761663709425,17.416922829613522,30.209790209790228,20.65761663709425,4.658881922152999,9.766408449218797,4.0469751044820645,34.29909734984228,-84.24507658643324,0.07400577324021658,0.07086600000000003,0.06772622675978347,0.08553854404539857,0.07033190801344627,0.07753966666666666,0.07950200937358441,0.07850566666666664,0.077345,0.07738019354838707,0.07850566666666664,0,0,0,0,0.07032250000000001,1.3665113007487262,0.7251611465432263,0.001569886620108277,0.0708778021978022,2.464543999994989e-06,0.007963225210150257,11.298560173311943,0.004169999999999993,-69074.79591967798,-21006.11459376879,-2305.9900000000052
2017-08-18 00:00:00+00:00,0.07143,0.07301,0.06957,0.07048,28693.1,2036.51,20.533398012932295,278.1787416627043,-0.008878410277968343,-0.013212487843461436,-0.9898290821044698,-0.5993206510199813,1,20.543993639582588,26.721197176917403,-0.0002890384615384517,78.57142857142857,35.714285714285715,-42.85714285714286,0.27616279069767236,-80.20086698999958,-0.9393776992726773,0.6252395563405604,0.002300063490523835,0.0052916894905759345,-0.0029916260000520997,47.15501223549371,20.642925769058337,0.022080071342860955,-0.013870000000000007,-0.37357207480388066,-16.260257913247365,49.53031115036366,28.411608043697594,21.287256947824897,38.32727272727271,28.411608043697594,8.820390618448604,9.59440520726058,3.819039868922758,35.24836914030344,-80.78045222465354,0.07187723604575576,0.07038800000000003,0.06889876395424431,0.08469458941938962,0.07040275265774006,0.07734466666666667,0.07926891079831261,0.07799166666666664,0.077345,0.07692369892473115,0.07799166666666664,0,0,0,0,0.07136,0.6248455404988935,0.7507842350940235,0.0007446180228778651,0.06879175824175823,5.544559999945409e-07,0.007640137695139525,10.695978853618264,0.0034399999999999986,-66739.31103595726,-17712.962383523824,26387.109999999993
2017-08-19 00:00:00+00:00,0.07004,0.07374,0.06993,0.07143,18851.89,1346.73,20.614318336819682,294.7888695210589,-0.012169945023396697,-0.004321346757008098,-0.9078589456350533,-0.34548050742577724,1,19.15839432073241,25.540806801132174,-0.0007144230769230708,71.42857142857143,28.571428571428573,-42.85714285714286,-0.36482939632545686,-71.8376960548151,-4.184521946284846,1.1456031756801075,0.0017698345947322197,0.004587318511407192,-0.002817483916674972,46.125699229265145,19.880313705871636,0.02050292338979946,-0.013119999999999993,-0.9294284827924307,-15.776815776815766,47.90773902685757,35.15142821022937,28.07355096367373,36.91722169362518,35.15142821022937,0.2348498447331236,7.892667868619224,3.603528226722097,34.63268916708576,-85.8497447118891,0.07162548785024174,0.07021600000000003,0.06880651214975832,0.08372723853681827,0.0703793492604665,0.07715838095238094,0.0790871046704646,0.07764266666666665,0.077345,0.07641068817204297,0.07764266666666665,0,0,0,0,0.07093750000000001,0.5596336255159347,0.8274616983958837,0.0007047439251208541,0.06694626373626372,4.966639999947481e-07,0.007366556431200987,10.517641963450867,0.003809999999999994,-84502.64045852945,-20407.462897103505,7535.219999999994
2017-08-20 00:00:00+00:00,0.0722,0.073,0.069,0.07004,21417.95,1525.37,20.81611343747828,311.3859784753063,-0.011697522727973583,0.005394383812232197,-0.7502728845788021,-0.06303475651619271,1,17.878432681301735,24.448063173368134,-0.0015195512820512652,64.28571428571429,21.42857142857143,-42.85714285714286,0.5400000000000003,-61.19620222299748,1.2302544052421442,1.2389313687029606,0.0015065517322774558,0.0039711651555812445,-0.0024646134233037888,47.469350881533316,20.01541833791006,0.01996842886195664,-0.012270000000000003,-1.9842565295055923,-14.525867171776962,50.61512720262107,41.06908060052436,34.8773722848171,47.96274738067519,41.06908060052436,10.09368396964177,8.292852614259687,3.4016289166333147,35.13309914842751,-77.97228300510575,0.07260185964371871,0.07077800000000002,0.06895414035628133,0.08309342891518476,0.07049681059850092,0.07710819047619047,0.07896786504906288,0.07732999999999997,0.077345,0.07605954838709673,0.07732999999999997,0,0,0,0,0.0716,0.3834262701602098,0.8260309432309608,0.0009119298218593468,0.06634736263736261,8.316159999964198e-07,0.00712608811468663,9.869928136685083,0.00399999999999999,-71651.87045852942,-15565.653298376681,28953.169999999995
2017-08-21 00:00:00+00:00,0.08052,0.08866,0.07151,0.0722,45611.6,3639.02,20.689997362937078,-29.625514855860786,-0.008131182755648551,0.01187755387772759,-0.4943290195492937,0.2651267618985606,1,18.678561886512686,24.687077048149575,-0.0017637820512820257,57.142857142857146,14.285714285714286,-42.85714285714286,0.48513119533527665,37.280527000823504,18.74758269414574,29.080241554255075,0.0019468110083339374,0.0035662943261317833,-0.0016194833177978459,53.27848472468363,16.88883944925729,0.018542112514674025,-0.004420000000000007,-2.3024488047181673,-5.203673181069002,59.37379134707287,48.44233501051345,41.55428127375572,60.44703595724,48.44233501051345,45.37704422701811,15.035432907488492,3.218100626460152,41.21867339097102,-47.6294675419402,0.08066681423545048,0.07293400000000003,0.06520118576454957,0.08353233879296364,0.0711434679792428,0.07724914285714285,0.0789771461878289,0.07726499999999997,0.077345,0.07626535483870964,0.07726499999999997,0,0,0,0,0.0803025,0.15544257467967368,0.7751893435937011,0.0038664071177252307,0.06844659340659337,1.4949103999996327e-05,0.007842081820780443,9.739296846473476,0.01715,-69338.04585211547,-11433.636697004302,74564.76999999999
2017-08-22 00:00:00+00:00,0.07683,0.0845,0.07001,0.08052,40146.92,3203.02,20.21788124019691,-6.68155122289329,-0.0037194940143592107,0.012093916996789618,-0.11635093814879498,0.6200316912991581,0,19.14524446202565,25.051862013254905,-0.002376602564102548,50.0,7.142857142857143,-42.85714285714286,-0.25465838509316757,8.405862251247513,9.474096558404693,25.212117943694203,0.001975198634778949,0.0032480751878612166,-0.0012728765530822675,44.60931789418916,16.075358924807894,0.018717675906483024,-0.0033299999999999996,-3.1033934341151252,-4.154191616766467,54.73704827920235,49.412281119420335,46.30789891015271,39.82706002034583,49.412281119420335,23.99357686753728,16.664186354770088,3.0478383824642963,41.953935364417525,-61.08679795769512,0.08199310623884332,0.07420400000000002,0.06641489376115672,0.08344313364420211,0.07151034101284004,0.07716824761904761,0.07895242182869154,0.07704166666666665,0.077165,0.07623729032258061,0.07704166666666665,0,0,0,0,0.0770425,0.1935217147616299,0.7529053724512834,0.0038945531194216516,0.07023483516483518,1.5167543999996917e-05,0.008316933119296125,10.825111439927277,0.014490000000000003,-71693.11017233635,-9453.183398603673,34417.84999999999
2017-08-23 00:00:00+00:00,0.07706,0.07969,0.07416,0.07683,39966.0,3061.09,19.623226855373588,9.746501764953337,-0.0003712356005182363,0.009099036761623448,0.16928932969904611,0.8166063156246864,0,19.57859256785912,25.390590909424144,-0.003350961538461525,42.85714285714286,0.0,-42.85714285714286,0.04159132007233422,16.43655206432646,9.946166780562034,25.21211794369419,0.001993277844845223,0.002997115719258018,-0.0010038378744127948,37.019060144780795,15.293162420296067,0.017380699056019952,0.0032400000000000068,-4.357644446222774,4.3890544567867895,54.97308339028102,47.090348031863975,48.31498805393258,40.996948118006095,47.090348031863975,25.047537133009282,18.188431950813577,2.8895687600310582,45.62161866131776,-55.97738287560579,0.08281117637808227,0.07533000000000004,0.0678488236219178,0.08336626156856708,0.07186838352814068,0.07707549285714285,0.07893213651219362,0.07683833333333331,0.077165,0.07623847311827953,0.07683833333333331,0,0,0,0,0.07699249999999999,0.08384004784540251,0.7596128389852742,0.00374058818904112,0.07199175824175824,1.3991999999993926e-05,0.008117866467917829,10.53447504271714,0.005529999999999993,-69741.78648336705,-7162.7419301673945,74383.84999999999
2017-08-24 00:00:00+00:00,0.07534,0.07865,0.07457,0.07706,42241.51,3229.89,19.11439810442708,35.018371138312915,0.001191514309263675,0.00533153014644038,0.5738390571943144,0.9848633803930532,0,19.980987237561624,25.70512488443844,-0.0037360897435897295,35.714285714285715,0.0,-35.714285714285715,-0.42156862745098017,18.323974082073324,5.514851750159791,25.212117943694203,0.0018475190738732744,0.0027671963901810693,-0.0009196773163077949,30.022254275015918,14.723918611705455,0.016139220552018527,0.0044399999999999995,-4.859516507998428,6.262341325811005,52.7574258750799,37.690742624618494,44.73112392530093,32.248219735503554,37.690742624618494,13.23822418547755,17.288394175297935,2.7409581138171824,44.05515177151532,-59.19999999999998,0.08178318087958972,0.07639000000000004,0.07099681912041036,0.08305796348127957,0.07209235878438967,0.07691984022556389,0.07890132238805002,0.07669466666666665,0.077165,0.07614180645161286,0.07669466666666665,0,0,0,0,0.075975,0.08571661058081727,0.7521982980945973,0.0026965904397948407,0.0736886813186813,7.271599999992932e-06,0.007829447434495127,10.392152156218645,0.00408,-96039.1971206218,-13941.942720372957,32142.33999999999
2017-08-25 00:00:00+00:00,0.07659,0.0779,0.07474,0.07534,34238.87,2619.4,18.696690560170474,52.10354860804867,0.0019525289907731207,0.0071292960940135906,0.7891221290101759,0.9923242807378364,0,20.35463943085681,25.688201369443554,-0.003754487179487162,28.571428571428573,71.42857142857143,42.85714285714286,0.3955696202531654,39.77647116674735,8.404164224935013,25.212117943694203,0.00181198135788245,0.0025761533837213454,-0.0007641720258388953,37.50723985980265,14.28055731934698,0.014986419084017204,0.007200000000000012,-4.867666296002625,10.376134889753574,54.20208211246751,36.17555639799741,40.31888235149329,35.281501340482585,36.17555639799741,28.715283028033706,19.366010330340803,2.602008854712623,44.51950814472934,-53.644444444444424,0.08073065562826848,0.07726800000000003,0.07380534437173158,0.08291212524471982,0.0723825291853968,0.07670683421052629,0.07888430711779537,0.07658466666666666,0.074955,0.07613505376344082,0.07658466666666666,0,0,0,0,0.076455,0.07706593312866647,0.7497789109942384,0.0017313278141342244,0.07612637362637367,2.997495999994791e-06,0.0074959154748883315,9.787068122324495,0.003159999999999996,-90188.25098138115,-13586.13811566474,66381.20999999999
2017-08-26 00:00:00+00:00,0.07665,0.07871,0.07527,0.07659,30233.93,2318.8,18.30238098303767,78.96069388480564,0.0065145955832010705,0.00553590578104012,0.9814960534668825,0.8294209955875248,0,20.81539764235071,24.827801307751848,-0.0034357051282051104,21.42857142857143,64.28571428571429,42.85714285714286,0.01744186046511356,67.53940229093129,8.5487237309004,26.8052543917714,0.0017682753825861292,0.002414577783494302,-0.000646302400908173,43.567631414971444,13.793624758160991,0.013915960578015975,0.0069099999999999995,-4.445124520214816,9.908230570691146,54.2743618654502,37.784809256752666,37.21703609312285,45.82470669427185,37.784809256752666,40.03190964470121,23.123446569315423,2.4718550408875606,46.46904788797946,-53.377777777777794,0.07769350656520876,0.07649400000000003,0.0752944934347913,0.08276567523647253,0.07265784988311313,0.0762950178362573,0.07887341807663671,0.07655799999999999,0.074955,0.07613926881720426,0.07655799999999999,0,0,0,0,0.07682,-0.3769748010837688,0.7437560947699995,0.0005997532826043622,0.07801604395604393,3.59703999994708e-07,0.007206207226682021,9.401444522742363,0.0034399999999999986,-96164.725516265,-14107.08375523219,96615.13999999998
2017-08-27 00:00:00+00:00,0.08044,0.0826,0.07538,0.07665,35181.25,2726.97,17.959039864866376,98.21099801164772,0.0067808277181830145,-0.0035636904337686573,0.989748834833789,0.598869885881601,1,21.76208357023554,24.288277901929796,-0.002394487179487148,14.285714285714286,57.142857142857146,42.85714285714286,0.5249307479224377,106.15043355515245,17.41506419576641,34.0690006327383,0.0020162177052732155,0.0023349057678500847,-0.00031868806257686916,50.341404154001104,12.80661498787769,0.012921963393871977,0.009959999999999997,-3.102826717170419,14.13166855845629,58.70753209788321,51.837930324381,41.93276532637702,74.40758293838853,51.837930324381,78.1182806994939,33.122507320256965,2.3518980493915764,47.45962399538218,-36.533333333333346,0.08063946257464213,0.07721600000000003,0.07379253742535793,0.08308531398997736,0.0731599240842026,0.07594758479532164,0.07890676695287809,0.07694599999999999,0.074955,0.0763897204301075,0.07694599999999999,0,0,0,0,0.07971500000000001,-0.5061958310552389,0.7453786914055021,0.00171173128732105,0.07998956043956044,2.930023999993779e-06,0.0072071924247761624,8.959712114341325,0.007220000000000004,-82033.75252457532,-8541.517041769228,131796.38999999998
2017-08-28 00:00:00+00:00,0.07963,0.08188,0.0785,0.08044,27665.12,2212.5,17.696643027933114,119.42145511934734,0.0034436569136595315,-0.006106169452691485,0.8710299250086676,0.268559133531792,1,22.641149074700024,23.949244261883052,-0.001549935897435878,7.142857142857143,50.0,42.85714285714286,-0.23964497041419902,99.68718743916578,14.852206636628464,34.069000632738295,0.0021228822862357777,0.002292501071527223,-0.00016961878529144544,56.72245258442291,12.360701757384234,0.011998966008595407,0.008200000000000013,-2.0089701151258694,11.479770404591939,57.42610331831423,61.081996087599144,50.2349118895776,63.01369863013702,61.081996087599144,65.69096018357102,39.04404420449588,2.2403699541559963,46.66132968875229,-40.13333333333331,0.08164225766022294,0.07773000000000004,0.07381774233977713,0.0832528841624411,0.0735773483368347,0.07562303508771931,0.07891310106038239,0.07707466666666665,0.074955,0.07656288172043008,0.07707466666666665,0,0,0,0,0.07991000000000001,-0.23414211451963732,0.7419818933916904,0.0019561288301114563,0.08099999999999992,3.826439999993214e-06,0.00693382153729215,8.707549337300199,0.003379999999999994,-91200.89287960477,-8405.010131792005,104131.26999999999
2017-08-29 00:00:00+00:00,0.08155,0.0844,0.07904,0.07963,31309.22,2543.38,17.445844591873204,161.43322096146372,0.001305552113066688,-0.004776540877317162,0.31840972522349054,-0.4451544516718364,1,23.784186793204817,23.687029192169092,-0.0007270512820512637,0.0,42.85714285714286,42.85714285714286,0.3582089552238787,119.52284911482289,19.346140698260484,38.64367713376712,0.002335421404810592,0.002301085138183897,3.433626662669494e-05,63.245397335980016,11.666946957052692,0.01114189700798145,0.011509999999999992,-0.9411620222619186,16.433466590519696,59.67307034913024,69.3060586594878,60.74199502382265,70.49689440993784,69.3060586594878,85.09246212119697,47.416483825714266,2.1373669374580295,46.731911957451615,-34.54810495626825,0.08300185657312735,0.07897200000000003,0.0749421434268727,0.08362420047710524,0.07409171296026472,0.07524487581699346,0.07897636594738162,0.07745599999999998,0.07564499999999999,0.07685161290322577,0.07745599999999998,0,0,0,0,0.081635,-0.3361236387564362,0.7385791082224586,0.002014928286563658,0.08200571428571425,4.059935999994359e-06,0.006821405713199854,8.364691248558987,0.005360000000000004,-93186.9254915451,-8216.994033164883,135440.49
2017-08-30 00:00:00+00:00,0.0842,0.08508,0.08078,0.08155,29688.83,2462.79,17.192725327336085,178.28615753212205,-0.0003880472037321362,-0.0017149826168354155,0.029907733521723275,-0.6856425054601293,1,24.932200387471738,23.5042029398057,4.01923076923244e-05,7.142857142857143,35.714285714285715,28.571428571428573,0.616279069767442,137.96800745889612,25.213038406566916,39.85637711294169,0.002686722179707543,0.0023782125464886263,0.00030850963321891675,64.28443102125445,11.127381426197802,0.01034604722169706,0.011999999999999997,0.051829404383450045,16.620498614958446,62.60651920328346,74.84671823727943,68.4115909947888,91.02956167176345,74.84671823727943,100.0,56.977123130129854,2.0432184517475305,50.36105550228525,-21.67152575315843,0.0854235289835818,0.08049400000000004,0.07556447101641828,0.0842714223488265,0.07474386051121538,0.07527537908496731,0.07910474168651158,0.07784666666666665,0.07712,0.07728670967741931,0.07784666666666665,0,0,0,0,0.083565,-0.6154324032367657,0.7222967363489168,0.00246476449179088,0.08342923076923074,6.075063999993156e-06,0.00664130530511415,7.887535991822031,0.004299999999999998,-75649.80265433589,-1813.085268872237,165129.32
2017-08-31 00:00:00+00:00,0.08197,0.0842,0.0816,0.0842,25555.19,2115.62,17.023547125930236,188.46331395169693,0.00018987362076493776,0.002781213944258608,-0.14717612159988716,-0.8034758353934176,1,25.998213010719592,23.27110332515109,0.0009262820512820624,0.0,28.571428571428573,28.571428571428573,-0.857692307692309,106.36751136549017,17.469287576992727,39.8563771129417,0.002753448175085979,0.0024532596722080966,0.0003001885028778824,63.36674920424045,10.802081474509356,0.009607043848718699,0.0014500000000000068,1.1928111049475805,1.8007948335817314,58.73464378849636,76.4882001371994,73.54699234465555,67.9381443298969,76.4882001371994,67.6702266061014,58.92132376212468,1.9554281349512648,50.72094275055561,-34.02848423194304,0.08467146495081844,0.08155800000000003,0.07844453504918163,0.08455906845155518,0.07521006305887891,0.0755955751633987,0.07912251518085622,0.07779333333333333,0.07712,0.07755273118279564,0.07779333333333333,0,0,0,0,0.08243500000000001,-0.42456841154114733,0.7378632148564472,0.0015567324754092021,0.08386901098901103,2.4234159999936625e-06,0.006352640640463139,7.749958082790215,0.002599999999999991,-93931.59242356672,-4845.411585610302,139574.13
2017-09-01 00:00:00+00:00,0.08085,0.08441,0.08002,0.08197,26913.03,2207.67,16.992476724914713,194.13909034261582,0.00232032140191017,0.004045797315071224,-0.24427665524730247,-0.8584150721754277,1,26.482921000028124,22.820657660380267,0.0016540384615384568,14.285714285714286,21.42857142857143,7.142857142857143,-0.2551252847380398,76.762023217247,13.667092372011517,32.78412486103905,0.0026850033204669638,0.00249960840185987,0.0001853949186070938,57.277821707757056,12.073478040084465,0.010500826430953089,0.00402000000000001,2.130162566993248,5.2323311206559975,56.833546186005755,64.89399723864871,72.07630520437584,35.71428571428577,64.89399723864871,51.505953766710334,57.573074672049344,1.8726423389928248,47.13424003236825,-39.72533062054933,0.08465128543980603,0.08164000000000002,0.078628714560194,0.08466016532833832,0.07557392995830607,0.0761344117647059,0.07913119253986774,0.07781633333333332,0.07712,0.07774993548387092,0.07781633333333332,0,0,0,0,0.08153250000000001,-0.36019331683677625,0.7356252456403362,0.0015056427199030091,0.08377703296703297,2.2669599999969314e-06,0.0062124520232872005,7.683923343583427,0.004390000000000005,-110667.9413757306,-10970.618692181626,112661.1
2017-09-02 00:00:00+00:00,0.0764,0.08274,0.07386,0.08085,31174.42,2413.53,17.08954863159307,200.69625220570134,0.0036234558353550606,0.0015601791444957878,-0.35341365436601196,-0.9113763569758564,1,25.27194486508112,21.575188773191428,0.0014953205128205027,7.142857142857143,14.285714285714286,7.142857142857143,-0.5011261261261273,-26.27038561194929,-0.16029237225027107,9.529255110770109,0.0022457943509453238,0.0024488455916769607,-0.00020305124073163698,55.57606556401268,17.74925744128531,0.015910767400170722,-0.0006600000000000078,1.9303463319530239,-0.8564754736569036,49.91985381387486,42.09685873724687,61.15968537103165,22.638146167557924,42.09685873724687,0.0,47.10524291349492,1.792091030512033,44.43004569503816,-62.3601220752798,0.08610600312988709,0.08099400000000004,0.07588199687011299,0.0841771079007226,0.07562722479970568,0.07668464705882355,0.07911052629590046,0.077731,0.07819999999999999,0.0776585591397849,0.077731,0,0,0,0,0.07735,1.2651435705647343,0.7315879390912999,0.0025560015649435273,0.08185868131868128,6.53314399999376e-06,0.0064029911644809725,8.38087848754054,0.008879999999999999,-124008.34633068556,-16723.73056761177,81486.68000000001
2017-09-03 00:00:00+00:00,0.07594,0.07886,0.07374,0.0764,40468.65,3078.79,17.30064076983792,209.6847737019024,0.0033449291562402117,0.0004974384168516963,-0.4952278129533812,-0.9644872603905619,1,24.118827728908396,21.39869480771054,0.001781153846153849,0.0,7.142857142857143,7.142857142857143,-0.08984375000000042,-84.11044451461198,-1.4942722674475137,9.128304958662989,0.0018393965047281413,0.0023269557742871968,-0.00048755926955905545,49.253862225736476,16.856577571276016,0.014894284014444236,0.0005999999999999894,2.310071332368937,0.7963897000265341,49.25286386627624,25.91759487184324,44.30281694924626,19.400352733686006,25.91759487184324,0.0,38.54065329285948,1.7137124312889718,40.64586778688684,-68.20375335120649,0.08629726762088412,0.07987200000000003,0.07344673237911593,0.08366455875584461,0.07564740384488595,0.07713058823529413,0.07909525594507123,0.07771299999999999,0.07977000000000001,0.07754301075268812,0.07771299999999999,0,0,0,0,0.07612,0.39709771533487276,0.7346512173450811,0.003212633810442044,0.07997901098901097,1.0321015999995367e-05,0.006311348938446618,8.310967788315272,0.0051199999999999996,-129699.25023693565,-19367.67934431172,41018.030000000006
2017-09-04 00:00:00+00:00,0.07032,0.07607,0.065,0.07594,47687.92,3378.78,17.553226378235777,222.81976003142015,0.004196615841480262,-0.0021209919131263883,-0.679694310850947,-0.9992760960797081,1,23.482885459626324,21.314064960825988,0.0017133333333333306,100.0,0.0,-100.0,-0.5076784101174346,-195.1743735033219,-16.22209784495241,15.215635958959403,0.0010517127619115024,0.002071907171812058,-0.0010201944099005556,39.900047724239045,24.23862089350264,0.022570406584841073,-0.006270000000000012,2.2364356263325034,-8.186447316882116,41.88895107752379,23.149017064625525,30.387823557905197,27.408552292632624,23.149017064625525,0.0,31.53326178506685,1.634903929664877,42.07785471384215,-73.50597609561757,0.08537045804871736,0.07709600000000003,0.06882154195128269,0.082482090425079,0.07530370037102234,0.07721296732026145,0.07892058671111214,0.07741833333333334,0.07726,0.07706604301075264,0.07741833333333334,0,0,0,0,0.0704275,0.7168483557620411,0.740826271645774,0.00413722902435867,0.0778331868131868,1.7116663999995792e-05,0.006651252585700431,9.458550320961933,0.011069999999999997,-131551.62653323202,-19277.989088664035,-6669.889999999992
2017-09-05 00:00:00+00:00,0.07179,0.07215,0.06566,0.07032,39497.9,2766.25,17.73573956412921,240.25246599811402,0.0024292285301560717,-0.006884599378584758,-0.8682201707373447,-0.9647760021279227,1,22.892367638150116,21.23548010300462,0.0019051923076923022,92.85714285714286,57.142857142857146,-35.714285714285715,0.22650231124807563,-169.21657185043597,-11.525150735331545,15.215635958959393,0.0005398612510219836,0.0017654979876540432,-0.0012256367366320596,40.26062863050588,22.54633454681653,0.02095823468592385,-0.004859999999999989,2.5028041916349126,-6.340508806262212,44.23742463233423,27.263624361340295,25.443412099269676,34.98196805770224,27.263624361340295,8.55526868495276,27.355444857773378,1.5572043070154917,47.38468726528754,-66.1852589641434,0.08250336483050325,0.07506000000000004,0.06761663516949684,0.08158021297671876,0.07507701002450477,0.07720457516339868,0.07877064141875667,0.07711033333333334,0.07726,0.07670292473118275,0.07711033333333334,0,0,0,0,0.07034750000000001,-0.5234357812514013,0.7633581851030574,0.0037216824152516027,0.07579483516483525,1.3850919999993001e-05,0.006639734543864686,9.248829285227309,0.00649000000000001,-96435.61990765418,-6315.478322427574,32828.01000000001
2017-09-06 00:00:00+00:00,0.07282,0.07387,0.07095,0.07179,33284.4,2412.49,17.817156815108536,258.68130972922756,-0.0004316799520778037,-0.00903268551918663,-0.9805506874162772,-0.8321350718674839,1,21.945320754737374,20.9631539961495,0.0020571794871794835,85.71428571428572,50.0,-35.714285714285715,0.35273972602739284,-96.410541429299,-8.224813060289222,9.633711270371743,0.00021485096470089116,0.0014553685830634127,-0.0012405176183625216,47.59596774983683,21.808572973081944,0.019461217922643576,-0.007620000000000002,2.719117193510446,-9.472899055196427,45.88759346985539,35.490564280626465,28.634401902197414,44.081172491544514,35.490564280626465,14.578450131004152,25.0323549074517,1.4815723081121002,46.513799215181606,-61.055776892430316,0.07817433219169684,0.07345400000000005,0.06873366780830326,0.08087881881857326,0.07493139647453673,0.07722460130718953,0.07865956807611225,0.07683100000000001,0.07726,0.07642612903225801,0.07683100000000001,0,0,0,0,0.072615,1.1972541895028104,0.7680822989986065,0.002360166095848399,0.07425736263736268,5.570383999992275e-06,0.006374039219302923,8.753143668364356,0.002920000000000006,-87088.63086655845,2535.5433516021294,66112.41
2017-09-07 00:00:00+00:00,0.0716,0.07299,0.065,0.07282,15343.72,1093.3,17.90910136045878,278.3616076110088,-0.003980506552408118,-0.008578056033477173,-0.9893699972449189,-0.5967626878655043,1,22.05279697382256,21.203718202339687,0.001965576923076931,100.0,42.85714285714286,-57.142857142857146,-0.15269086357947426,-123.54060524215815,-11.563119961686338,23.44998782192997,-0.00013955710537633115,0.0011363834453754639,-0.001275940550751795,50.56531977598985,26.43969986914018,0.024021130928169033,-0.00803000000000001,2.609394945111066,-10.084139143538874,44.21844001915684,42.227396056098115,34.993861566021614,47.619047619047585,42.227396056098115,6.016001043213839,21.574836023044817,1.4076630073935004,52.89505203590473,-67.13147410358569,0.07628897773379195,0.07249400000000003,0.06869902226620811,0.08007912291610221,0.0747164676697279,0.07722166666666665,0.07841148883360881,0.07637433333333334,0.07726,0.07608864516129026,0.07637433333333334,0,0,0,0,0.0702975,1.0152912543100154,0.7778426118701887,0.0018974888668959599,0.07220868131868136,3.6004639999941135e-06,0.006489464989352714,9.063498588481444,0.007989999999999997,-77083.52683652092,9109.354104935119,50768.69
2017-09-08 00:00:00+00:00,0.07025,0.07251,0.06555,0.0716,21729.22,1526.19,18.126500346313993,297.3222150824373,-0.006387547861974949,-0.00516751431729096,-0.888439335356237,-0.30366366613994933,1,22.152596320115947,21.48399698123333,0.0012537179487179667,92.85714285714286,35.714285714285715,-57.142857142857146,-0.19396551724137767,-107.26084281759456,-15.237332049095652,23.44998782192997,-0.0005233291590792666,0.0008044409244845178,-0.0013277700835637844,44.38958490536041,24.424651954693964,0.022305335861871244,-0.01129999999999999,1.6674083812037845,-13.856529736358048,42.381333975452165,46.37523145511157,41.36439726394537,47.4254742547426,46.37523145511157,0.0,17.652138564309396,1.3351515623670762,56.15938938193119,-73.85458167330675,0.0732925371155679,0.07135600000000004,0.0694194628844322,0.0791754176656937,0.07442830846522933,0.07701633333333331,0.07814189051352727,0.07594400000000001,0.077225,0.07569352688172037,0.07594400000000001,0,0,0,0,0.06964000000000001,1.4565386941173923,0.7853604041544272,0.0009682685577839216,0.07011736263736264,9.375439999929555e-07,0.006523074632970377,9.285515491772777,0.006960000000000008,-69465.81177904963,13394.33564913628,29039.47
2017-09-09 00:00:00+00:00,0.07015,0.07168,0.06803,0.07025,8518.02,593.49,18.368408980160634,313.6328446734334,-0.007687793908836003,-0.0013336540034326854,-0.7237764196604072,-0.023859097596815104,1,22.245267141674095,22.00367535595482,0.0004925641025641248,85.71428571428572,28.571428571428573,-57.142857142857146,-0.027397260273973385,-83.25517753194644,-15.517326466781531,23.44998782192997,-0.0008260186124467578,0.0004783490170982627,-0.0013043676295450206,41.344693492014414,23.416737769938344,0.020712097586023298,-0.014049999999999993,0.6553473409136951,-16.686460807600945,42.24133676660924,51.03513374748286,46.54592041956417,58.0608793686584,51.03513374748286,0.0,14.44265882534405,1.264366204806211,60.14560095086343,-74.35258964143425,0.07333457645816897,0.07132200000000004,0.0693094235418311,0.0783349204895685,0.07415228856424678,0.07670549999999998,0.07783182533638965,0.07546666666666667,0.077175,0.07531972043010747,0.07546666666666667,0,0,0,0,0.0700025,0.8764000981152236,0.7629110973018653,0.0010062882290844692,0.06821703296703299,1.0126159999939571e-06,0.006317855016329635,9.006208148723642,0.0036500000000000005,-68088.92635439205,14367.715675142696,20521.45
2017-09-10 00:00:00+00:00,0.07013,0.0711,0.06818,0.07015,7736.02,538.97,18.44239761591551,-32.130984011442024,-0.007298969456836418,0.004946227348186902,-0.5318566024714809,0.2227229588434961,1,22.331318618835233,22.48623384676763,-0.0004875641025640781,78.57142857142857,21.42857142857143,-57.142857142857146,-0.006849315068495267,-72.85792221962403,-15.57739101341024,23.449987821929977,-0.001055350593148402,0.0001716090950489297,-0.0012269596881973317,34.98788628819733,22.612796867145338,0.019232662044164493,-0.011840000000000003,-0.6484493824128882,-14.444308893497626,42.21130449329487,54.44058461629336,50.616983272962585,57.83540022547908,54.44058461629336,0.0,11.816720857099678,1.195589007990816,61.55268900189075,-74.45219123505979,0.07312799906454004,0.07099000000000004,0.06885200093546004,0.07756281038854917,0.07389278607623086,0.0763227222222222,0.07751613781745205,0.074973,0.077165,0.07497541935483866,0.074973,0,0,0,0,0.069885,2.7936281397834106,0.7405359515059885,0.0010689995322699993,0.06719164835164836,1.142759999993477e-06,0.006075151086591804,8.662699396252394,0.002919999999999992,-65492.590874940004,14285.867367867075,12785.43
2017-09-11 00:00:00+00:00,0.07063,0.072,0.06875,0.07013,7373.54,518.42,18.31449538296741,-17.94524411252479,-0.003652354742526383,0.006630634878438186,-0.30810795672304053,0.4548418009632387,1,22.145207163764308,22.96469697848456,-0.0016526282051281954,71.42857142857143,14.285714285714286,-57.142857142857146,0.1538461538461545,-56.19476631118114,-13.406621768689696,19.72575824784229,-0.001183113819132317,-9.933548778731969e-05,-0.0010837783313449973,31.000707381690805,21.719031779261496,0.017858900469581315,-0.010220000000000007,-2.1969584639271242,-12.640692640692652,43.29668911565515,62.11978614756604,55.86516817044741,70.46307884856067,62.11978614756604,3.273820923536002,10.263466323724465,1.1292586916975766,65.33268417281545,-71.96215139442234,0.07166025267876093,0.07055200000000003,0.06944374732123913,0.07691861076678909,0.07368228374873209,0.07597127777777776,0.07734079558378615,0.07465533333333334,0.077165,0.07469522580645156,0.07465533333333334,0,0,0,0,0.0705025,1.1164750092497697,0.715252532095894,0.0005541263393804498,0.06650659340659346,3.0705599999517746e-07,0.005873354580406674,8.315665553456993,0.003249999999999989,-64335.51229032462,13321.830122007668,20158.97
2017-09-12 00:00:00+00:00,0.0706,0.07278,0.068,0.07063,14148.06,1004.96,18.096846301039193,-3.6483056515468206,-0.0021394421379388757,0.003080678617708007,-0.06363192612973873,0.6606792172245143,1,21.73819180095027,23.335196094211003,-0.002604743589743566,64.28571428571429,7.142857142857143,-57.142857142857146,-0.006276150627615542,-49.77477978330423,-13.511584385203996,16.44699208436778,-0.0012721235965370142,-0.0003338931095372586,-0.0009382304869997556,26.870011442661575,20.43945143658092,0.016583264721754077,-0.0058,-3.4624620172159912,-7.59162303664922,43.244207807398,66.04877840964993,60.86971639116977,69.84785615491008,66.04877840964993,3.046858568413832,8.951355822758895,1.0654598811819849,61.63219713490642,-72.11155378486059,0.07078952028521444,0.07035200000000004,0.06991447971478564,0.07632493092811335,0.07348342673268486,0.07564555555555555,0.07727287125332764,0.074548,0.077165,0.07443359139784943,0.074548,0,0,0,0,0.070495,-0.9590007816855682,0.7440633364419883,0.00021876014260720556,0.06644725274725284,4.785599999352491e-08,0.00579525782466334,8.2085804881917,0.004779999999999993,-63092.37731124515,12111.918730953403,6010.910000000002
2017-09-13 00:00:00+00:00,0.07147,0.0715,0.06736,0.0706,7537.14,526.92,17.915833338257904,10.780705672793317,-0.001873594053517939,0.0016770754813542176,0.18705051919082988,0.8268912460654814,1,21.501256627346134,23.749734819032863,-0.0033879487179486883,57.142857142857146,0.0,-57.142857142857146,0.21014492753623468,-49.95586937334515,-9.371246280569846,18.42109937049244,-0.0012579617572211904,-0.0005187068390740449,-0.0007392549181471455,18.77536248010367,20.180018163229654,0.016038745813057358,-0.004469999999999988,-4.503477388030794,-5.886225967869352,45.31437685971508,72.04706443535129,66.73854299752242,75.83025830258316,72.04706443535129,10.774752620764014,9.28288251330528,1.0046323527686862,64.77870603613825,-66.66666666666664,0.07156805761145205,0.07059600000000003,0.06962394238854802,0.07589019162734462,0.07335352823380197,0.0753397777777778,0.07724352384769827,0.07456700000000001,0.07605,0.07423501075268812,0.07456700000000001,0,0,0,0,0.07045,-0.29639647567738864,0.7683781773223906,0.0004860288057260066,0.06746340659340663,2.3622399999544824e-07,0.005677025122901672,7.943228099764477,0.004139999999999991,-55664.47122428859,12879.296123103435,13548.050000000003
2017-09-14 00:00:00+00:00,0.06877,0.07151,0.0671,0.07147,11288.62,785.74,17.861585291718743,22.54292471894072,-0.0016980025801017634,0.0011012530233212947,0.3833754748275994,0.9241659710973515,1,21.34086242715573,23.911891713591928,-0.003974935897435861,50.0,7.142857142857143,-42.85714285714286,-0.6122448979591859,-65.74989020641198,-19.218936598703213,19.25573782468044,-0.0014479151679313434,-0.0007045485048455046,-0.0007433666630858388,19.871725629942258,19.374586484211463,0.015153121112124685,-0.0015499999999999958,-5.287171091898114,-2.2042093287827025,40.390531700648395,58.35984096939911,65.48522793813343,29.401408450704114,58.35984096939911,0.0,7.59508569270432,0.9455405973893827,60.273406794860186,-80.57702215352913,0.07209439567176512,0.07032000000000004,0.06854560432823495,0.07515419108784839,0.073057816734847,0.07490138888888889,0.07720016426388852,0.07454633333333334,0.07481,0.07386101075268814,0.07454633333333334,0,0,0,0,0.0690375,0.19831689216355827,0.7784222453806124,0.0008871978358825461,0.06773571428571425,7.871199999946732e-07,0.005586523328408695,8.123488917273077,0.004409999999999997,-58403.43344651085,11150.890156175592,2259.430000000002
2017-09-15 00:00:00+00:00,0.06951,0.071,0.065,0.06877,10636.04,733.04,17.942090874322133,32.85598766655174,-0.0014478377139922312,0.001655051246955932,0.5425293272542137,0.977621927671622,1,21.66323869521545,23.467591780148286,-0.004407307692307655,100.0,0.0,-100.0,0.12333333333333427,-88.71144848658413,-15.514207827915946,25.854130179991795,-0.0015212072684258338,-0.0008678802575615705,-0.0006533270108642633,21.244255814367378,20.566989863252072,0.016170755318401498,-0.0022800000000000042,-5.870359270700411,-3.17592979523611,42.24289608604203,54.40027280807948,61.602392737609954,57.96915167095119,54.40027280807948,9.467826953041317,7.935584103674683,0.8886943616631671,62.203210427085324,-74.57722660653889,0.07208887506190109,0.07019600000000005,0.06830312493809901,0.07457592551233568,0.07282892533259881,0.07439116666666667,0.07716553951037516,0.07453866666666668,0.072585,0.07353608602150533,0.07453866666666668,0,0,0,0,0.06875500000000001,0.5734207992846512,0.7928205965912508,0.0009464375309505176,0.06845769230769232,8.957439999917119e-07,0.005616057376379502,8.0794955781607,0.0059999999999999915,-53049.959979844156,11133.475622173995,12895.470000000003
2017-09-16 00:00:00+00:00,0.06832,0.07004,0.06674,0.06951,8178.93,563.24,18.123347471140384,40.82851744531976,-0.0005942552623703206,0.0017771816441922489,0.653797297127702,0.997350806049612,1,21.96258808698519,23.040707907946793,-0.004104743589743554,92.85714285714286,0.0,-92.85714285714286,-0.3606060606060584,-112.82612031921423,-19.828703204073907,25.854130179991785,-0.0016562229338454304,-0.0010255487928183425,-0.0006306741410270879,23.27839005994288,19.677562763454624,0.015015701367087105,-0.00449999999999999,-5.501741579501727,-6.179620983246348,40.08564839796305,43.34802732418503,52.03604703388786,42.67352185089981,43.34802732418503,0.0,6.492750630279286,0.8336515952410251,62.69947586200868,-76.04617604617602,0.07205650209902333,0.06973400000000005,0.06741149790097677,0.07390018664547247,0.07253802692404406,0.07377005555555557,0.07709612695064126,0.07446666666666668,0.07213,0.07313488172043006,0.07446666666666668,0,0,0,0,0.068355,-0.48565404846607185,0.7960795149684423,0.0011612510495116414,0.06843109890109886,1.3485039999918888e-06,0.00545062470663811,7.978080659599107,0.0033000000000000113,-53396.94488893503,10003.813057901345,4716.540000000003
2017-09-17 00:00:00+00:00,0.06985,0.07049,0.06723,0.06832,4133.94,284.27,18.389318613513264,45.94235296771902,-3.812386224302246e-05,0.001189626657521454,0.7186405193776365,0.9998647484799684,1,22.06161977660037,22.77225261811335,-0.003997948717948674,85.71428571428572,0.0,-85.71428571428572,0.4693251533742301,-66.09292607700799,-11.915271939457009,23.349031741597756,-0.0016210788206118404,-0.0011446547983770422,-0.00047642402223479824,28.906544331279903,18.812067880663086,0.013943151269438027,-0.0017500000000000016,-5.37795184608401,-2.44413407821229,44.0423640302715,58.381147190335334,52.043149107533274,74.50076804915501,58.381147190335334,33.54597899100136,11.411519423137845,0.7812050492134848,64.22654962921672,-56.187895212285504,0.07175536270576154,0.06958400000000005,0.06741263729423856,0.07347665164691489,0.07236460583217025,0.07305338888888889,0.07704748166010837,0.07441400000000002,0.07057,0.07283703225806447,0.07441400000000002,0,0,0,0,0.069355,0.018676685430555565,0.8009951739445306,0.001085681352880746,0.06902714285714288,1.1787039999929666e-06,0.005294151513306817,7.579314979680482,0.003259999999999999,-50886.14697482461,9431.131067197544,8850.480000000003
2017-09-18 00:00:00+00:00,0.0731,0.07591,0.06961,0.06985,5768.82,422.14,18.741562833297472,48.77052736335908,0.0004349847217190607,-0.0005669073080078525,0.7520759830979937,0.9978354272136234,1,20.6259769019157,21.759172270032906,-0.0038223076923076527,78.57142857142857,0.0,-78.57142857142857,0.5158730158730164,211.55555555555557,2.7729050862880977,1.9626195310150012,-0.0013158111669888117,-0.001178886072099396,-0.00013692509488941575,38.171164059625504,17.23446184940472,0.012947211893049596,0.0028499999999999914,-5.152239394049316,4.056939501779344,51.386452543144046,63.80603430521226,55.17840293991086,74.24381301558198,63.80603430521226,100.0,27.51851589165824,0.7326745433894777,64.19265373448762,-25.75618698441802,0.0732765887779726,0.06991000000000004,0.06654341122202748,0.07349673537181126,0.07241205061719153,0.07262787719298247,0.07701023272584583,0.07451600000000003,0.07071,0.07275225806451609,0.07451600000000003,0,0,0,0,0.07293,0.40723066553868703,0.8013197713807182,0.0016832943889862838,0.06976439560439565,2.8334799999927066e-06,0.005365997833784901,7.340626311607252,0.0063,-50263.480689110336,8537.597610346202,14619.300000000003
2017-09-19 00:00:00+00:00,0.07253,0.07352,0.0718,0.0731,8803.03,637.42,19.174432027664363,55.18497971893909,-0.0005937386084590386,-0.0021589452302271574,0.8209995664400858,0.9842419975091101,1,19.292879946851365,20.61910035079437,-0.0036367307692307393,71.42857142857143,92.85714285714286,21.42857142857143,-0.33139534883721006,142.87405955552805,0.2869172269929069,1.9626195310149843,-0.001107116439312772,-0.0011645321455420713,5.741570622929933e-05,45.154455803800815,16.819742830128945,0.012022411043546054,0.0023799999999999932,-4.909244779498005,3.392729864575905,50.14345861349645,72.58794315356796,64.92504154970517,69.01924839596694,72.58794315356796,86.24049192233804,38.195238806327296,0.6874663195359121,63.4895852231666,-30.98075160403306,0.07433946434380781,0.07066200000000003,0.06698453565619225,0.07344148404106265,0.07241966025479207,0.0722088538011696,0.07698943301407327,0.07452700000000002,0.07071,0.07262412903225801,0.07452700000000002,0,0,0,0,0.07259499999999999,0.17259557468172448,0.7925667685673196,0.0018387321719038913,0.07050560439560441,3.3809359999944014e-06,0.00510556941708598,7.039251919324391,0.0017199999999999993,-51594.171270505736,6972.514410249729,5816.270000000002
2017-09-20 00:00:00+00:00,0.07334,0.0734,0.0718,0.07253,16590.25,1203.48,19.62361315262808,60.623739085401404,-0.0014524151844940067,-0.00011662200898033599,0.8714171301324649,0.9630510638711081,1,18.055004202863053,20.053900588342806,-0.0032542307692307454,64.28571428571429,85.71428571428572,21.42857142857143,0.5062500000000019,151.63215093287093,3.846351556394486,1.9626195310149845,-0.0008663770778650076,-0.0011049011320066586,0.00023852405414165096,38.78388403575022,16.423823492732545,0.01116366739757848,0.0032100000000000045,-4.400330765910279,4.577213745900477,51.92317577819724,71.74562970352248,69.3798690541009,71.97382769901854,71.74562970352248,100.0,49.43246811426779,0.645649827817496,61.81832832342875,-23.55637030247481,0.07540950524299267,0.07142800000000003,0.0674464947570074,0.07349048268276522,0.07247903701254742,0.07201844385964913,0.07690088612294381,0.0742876666666667,0.07083,0.07254754838709672,0.0742876666666667,0,0,0,0,0.07297000000000001,0.09852377691392515,0.8537089616376153,0.00199075262149632,0.071634945054945,3.963095999994469e-06,0.004855171601579839,6.620086721543276,0.0016000000000000042,-36248.19002050583,10581.200370642087,22406.520000000004
2017-09-21 00:00:00+00:00,0.07141,0.0738,0.07057,0.07334,24372.74,1771.1,20.018653891782954,68.48232056196079,-0.0011229800629324615,0.0017657951119412667,0.9303044344578902,0.9171830704942875,0,17.02549192489538,19.589044122505662,-0.00294769230769229,57.142857142857146,78.57142857142857,21.42857142857143,-0.5975232198142398,81.12519723597539,-4.867583952899147,3.6418323113156523,-0.0008218504889487832,-0.0010482910033950835,0.0002264405144463003,36.396585965784446,17.478141046809284,0.011596262583465739,0.0007800000000000029,-3.9967250217723254,1.104346594931327,47.56620802355043,63.049919374211754,69.1278307437674,48.156682027649765,63.049919374211754,53.571070349370956,50.184941247922914,0.6061199633630165,60.287850807479984,-41.24656278643449,0.07461450462331276,0.07204600000000003,0.06947749537668729,0.07329173754950905,0.07241006688270565,0.07175693947368422,0.07679924280954036,0.07410700000000002,0.07083,0.07236189247311822,0.07410700000000002,0,0,0,0,0.0717975,0.1651636554907025,0.9087196464316024,0.0012842523116563648,0.07198120879120877,1.6493039999947168e-06,0.004739087915752708,6.636448558679048,0.0032300000000000106,-47944.08692453052,7374.131942190907,-1966.2199999999975
2017-09-22 00:00:00+00:00,0.07296,0.07296,0.071,0.07141,24159.18,1741.21,20.463620236048097,79.10892998914251,-0.0005010555369611329,0.005168206121758848,0.9819881727528643,0.8279729446540366,0,16.069516238211115,19.157391689942607,-0.00242416666666663,50.0,71.42857142857143,21.42857142857143,0.7908163265306087,83.16866354836222,2.2281298932954647,3.6418323113156554,-0.0006539524436275507,-0.0009694232914415769,0.0003154708478140262,51.08498174866851,16.939236575381546,0.010767958113218186,0.002360000000000001,-3.299757254021142,3.3427762039660136,51.11406494664773,57.768370967090455,64.1879733482749,53.17460317460304,57.768370967090455,86.05075002616236,56.70599738942099,0.5694026090355964,60.2647637015959,-27.039413382218214,0.07403184163302469,0.07266800000000004,0.07130415836697539,0.07330352567930457,0.07244554643866012,0.07151181842105263,0.0767465873794702,0.07397033333333337,0.07083,0.07228789247311822,0.07397033333333337,0,0,0,0,0.07246999999999999,0.16908958223980886,0.9035090552400987,0.0006819208165123262,0.07253923076923076,4.650159999928377e-07,0.004540581636056086,6.223384917840031,0.0019600000000000034,-23784.90692453052,13078.785590352614,22192.960000000003
2017-09-23 00:00:00+00:00,0.07556,0.07569,0.07196,0.07296,22826.29,1678.86,21.163291981069445,87.09502700407656,0.0025425780305751793,0.005665535254278226,0.9987149622003643,0.7420340279614115,1,15.579165768727012,18.955242193781125,-0.0018567948717948396,42.85714285714286,64.28571428571429,21.42857142857143,0.6970509383378035,142.20180932498235,12.877228453917306,9.204609665433688,-0.00030754853411800454,-0.0008370483399768624,0.0005294998058588578,55.43212562464078,15.932451876472983,0.009998818247988315,0.004089999999999996,-2.532852051220127,5.722680845109829,56.43861422695866,66.26407423408433,62.36078819179551,97.46093750000017,66.26407423408433,100.0,64.57763422770809,0.5363134147255533,65.91797353366793,-3.2080659945004855,0.07588643356786332,0.07316000000000004,0.07043356643213677,0.0736370737692534,0.0726464789264885,0.07145492857142857,0.0767412151571568,0.07397766666666669,0.07194,0.07239045161290315,0.07397766666666669,0,0,0,0,0.0746925,-0.24923736276039146,0.9019517019016617,0.0013632167839316331,0.07373318681318675,1.8583599999929049e-06,0.004482682947766365,5.932613747705619,0.003729999999999997,-2549.7256108574948,20980.175628919038,45019.25
2017-09-24 00:00:00+00:00,0.07712,0.078,0.0754,0.07556,28453.16,2189.87,22.37733869252547,94.80263760127654,0.0035538162966465164,0.0009727830090564719,0.9964890060986086,0.6454225258222749,1,15.782016806921972,18.96361198534314,-0.0011430769230768995,35.714285714285715,100.0,64.28571428571429,0.5999999999999958,182.94480009663027,18.605577886421298,18.419080303456436,9.179981132814707e-05,-0.0006512787097158604,0.0007430785210440075,64.49673590263167,15.251967972087666,0.009284616944560578,0.008349999999999996,-1.5629026235939085,12.141922349861844,59.30278894321065,79.59722149898168,67.87655556671882,88.1561238223418,79.59722149898168,100.0,71.0180643681248,0.5070415571400089,64.61598300338606,-6.7692307692308145,0.07811412487417944,0.07407800000000005,0.07004187512582065,0.07413177267515346,0.0729350931892957,0.07153712142857141,0.07674313252197122,0.07399533333333336,0.07272,0.07259318279569886,0.07399533333333336,0,0,0,0,0.07690999999999999,0.6772442539326188,0.9010793653680131,0.002018062437089701,0.07519098901098897,4.072575999992424e-06,0.004348205594354482,5.638233395169194,0.002600000000000005,6642.8337737578,25230.179028081162,73472.41
2017-09-25 00:00:00+00:00,0.07517,0.0773,0.07453,0.07712,34325.19,2609.33,24.010543295721902,93.65364005237099,0.0029880851082164832,-0.0017901184451930335,0.9979675068672248,0.6606093249923728,1,15.635972683515408,18.68708224223284,-0.0004874358974358839,28.571428571428573,92.85714285714286,64.28571428571429,-0.703971119133573,119.74344379795906,8.961400442287207,13.737399079230103,0.00024807786190472747,-0.00047140739539174286,0.0007194852572964703,52.96749980902684,16.00668230359239,0.009491430019949103,0.005659999999999998,-0.669639711995022,8.142713278664937,54.48070022114361,82.50941075033653,76.12356882780085,61.91117092866761,82.50941075033653,70.66459798401908,70.95379775283286,0.48028521945464586,62.34248011398316,-21.769230769230766,0.07847794794214975,0.07444400000000004,0.07041005205785032,0.07433364019769387,0.07307928072547017,0.07177266428571429,0.07673246878104244,0.07394600000000003,0.07272,0.07266896774193542,0.07394600000000003,0,0,0,0,0.0755425,0.744075140274994,0.8989474026399006,0.0020169739710748607,0.07594912087912084,4.068183999993494e-06,0.004235476623329162,5.634530561832063,0.0027699999999999947,-11820.896587252959,18800.34084668214,39147.22
2017-09-26 00:00:00+00:00,0.07449,0.07595,0.07339,0.07517,35251.43,2626.77,24.997538841467357,99.82153325718198,0.0017187631906110349,-0.002827712228271232,0.9853438596973613,0.5761251709760081,1,15.071072565310827,18.28616459632848,0.00027692307692310514,21.42857142857143,85.71428571428572,64.28571428571429,-0.26562499999999933,76.23325794892449,5.732695436595011,7.727371028651256,0.00031344581763390056,-0.00031443675278661415,0.0006278825704205147,42.485130512023936,17.273974519670634,0.009953470732809885,0.006169999999999995,0.3819466547839211,9.031030444964872,52.866347718297504,66.64147920271745,76.24937048401189,49.85714285714291,66.64147920271745,60.51373100610295,69.05560379888196,0.45548842701461645,61.832174124630754,-26.999999999999996,0.07777891154691954,0.07506000000000004,0.07234108845308054,0.07442887019318367,0.07317029487221402,0.07198428714285712,0.07668795448129656,0.0737476666666667,0.07272,0.07270406451612897,0.0737476666666667,0,0,0,0,0.07458000000000001,0.75857418845662,0.8984121143247742,0.0013594557734597531,0.07635802197802194,1.8481199999930559e-06,0.004115799721662794,5.525305036465021,0.0025600000000000067,-16778.128931002935,12883.529404309169,3895.790000000001
2017-09-27 00:00:00+00:00,0.07344,0.07473,0.07198,0.07449,43823.62,3212.71,25.110416426488676,115.59493671842439,0.0007322468174463734,0.0014793731039119524,0.9018707067050529,0.33224448405427887,1,14.040545560020117,17.690703993587924,0.000889423076923121,14.285714285714286,78.57142857142857,64.28571428571429,-0.3818181818181798,33.62951348055218,0.7674466449049501,0.6436944912409014,0.00027732731209254013,-0.00019608393981078329,0.0004734112519033234,36.90189398840691,18.93597632011407,0.010652508537609174,0.00359000000000001,1.2315795640342109,5.139584824624199,50.383723322452475,45.42387501469628,64.85825498925009,24.50331125827828,45.42387501469628,44.74680430918222,64.635822073482,0.4320410905766847,58.30933565876821,-35.07692307692304,0.07759057100943222,0.07515600000000006,0.0727214289905679,0.07438134984504027,0.07318769520303892,0.07205907999999998,0.07662100806984617,0.07354133333333338,0.07272,0.07268421505376337,0.07354133333333338,0,0,0,0,0.0733975,0.901872698607985,0.8891828845238716,0.0012172855047160828,0.07649164835164834,1.4817839999918883e-06,0.0040182425986868804,5.471463233506101,0.0027500000000000024,-14069.032421911972,10153.770939475606,-39927.83
2017-09-28 00:00:00+00:00,0.07251,0.0737,0.07151,0.07344,51630.87,3746.03,25.011916703462823,133.38946900607291,0.002760298791840052,0.0049884428310640735,0.7267009457375411,0.028105367107379202,1,13.157447557519163,17.41034312636731,0.0013882051282051444,7.142857142857143,71.42857142857143,64.28571428571429,-0.42465753424657593,-0.2115123130383618,-3.5527155077180765,1.6771735250067588,0.0001716808782684931,-0.000122530976194928,0.0002942118544634211,32.22680949996017,19.03758390887401,0.010361615070637088,-0.0005899999999999933,1.9262311121547768,-0.8071135430916421,48.223642246140955,29.922924869495834,47.329426362303195,15.408320493066281,29.922924869495834,30.76312913758991,58.47715063059253,0.40949183985559134,61.17610372755525,-42.2307692307692,0.07769389072236801,0.07454600000000006,0.0713981092776321,0.07421971611749735,0.07314397293187512,0.07202176999999998,0.0764841733871398,0.07324000000000003,0.07272,0.07261767741935476,0.07324000000000003,0,0,0,0,0.0725575,1.3501210651413922,0.8724259710702397,0.0015739453611839818,0.07581989010989011,2.477303999992575e-06,0.003887653841637817,5.36154163789521,0.0021899999999999975,-18548.42296985708,6688.72085319974,-91558.70000000001
2017-09-29 00:00:00+00:00,0.07091,0.07259,0.06902,0.07251,39877.79,2814.79,25.01160537759609,150.4525889668598,0.004719235629316579,-8.963391709552553e-05,0.49314359217388865,-0.26644090107009766,0,13.154002332931489,17.558295209958338,0.0016700000000000326,0.0,64.28571428571429,64.28571428571429,-0.44817927170868416,-78.01003751888136,-10.650058348100442,13.109214413291737,-4.068234912377178e-05,-0.00010616125078069675,6.547890165692497e-05,29.578841613403284,22.3833147997849,0.01211149970844873,-0.0016199999999999964,2.3234782608696123,-2.2335585275058523,44.67497082594978,20.912572902622127,32.086457595604756,22.826086956521785,20.912572902622127,6.907330658357464,49.100819726549794,0.3872095193748093,57.55635683125019,-62.96625222024862,0.07630649496252148,0.07330400000000006,0.07030150503747865,0.07387135729404928,0.07299984564594769,0.07197603999999999,0.0761579497486748,0.07279700000000003,0.07272,0.0724673548387096,0.07279700000000003,0,0,0,0,0.0708575,1.1020066698194777,0.8442118180876622,0.0015012474812607104,0.07469780219780213,2.2537439999916267e-06,0.0038649642815208303,5.450520774955338,0.0035700000000000037,-16202.670616915886,5409.5105799136545,-131436.49000000002
2017-09-30 00:00:00+00:00,0.07006,0.0733,0.0694,0.07091,36519.69,2578.8,25.031915704336882,167.39932857099078,0.0033029586437879153,-0.007121660190590802,0.2181546778055053,-0.5358169005613745,0,12.872288877898816,17.466954327249592,0.001426666666666701,0.0,57.142857142857146,57.142857142857146,-0.2179487179487188,-91.33235883276497,-14.259782277899374,9.210013962474079,-0.00027440644637841127,-0.00013981028990023964,-0.00013459615647817163,36.80103525488808,20.77105741027291,0.011246392586416678,-0.003280000000000005,1.9852037384912018,-4.472320698118359,42.87010886105031,17.747207485601027,22.860901752573003,15.007215007214985,17.747207485601027,0.0,40.1733979580862,0.36498589123037384,48.30513207557548,-73.72330547818014,0.07551778491250166,0.07228200000000005,0.06904621508749845,0.07344803242443844,0.0728101781849188,0.07191615999999998,0.07583952394788789,0.07240000000000002,0.073485,0.0722907741935483,0.07240000000000002,0,0,0,0,0.07070499999999999,0.9649622443727266,0.7951732498352597,0.0016178924562508037,0.0730774725274725,2.617575999993259e-06,0.003867466832840771,5.520221000343664,0.0039000000000000007,-40361.85015537754,-3292.5880741151486,-167956.18000000002
2017-10-01 00:00:00+00:00,0.0691,0.07148,0.06811,0.07006,37881.54,2637.69,24.96641111285311,186.1790256239917,0.0003265123546999623,-0.008960521446796635,-0.10763541772567894,-0.779108530657343,1,13.02048205634254,16.823229479129118,0.001244294871794907,0.0,50.0,50.0,-0.28486646884273087,-156.27228347320522,-18.27555112664664,14.946993376110953,-0.0005309776741832944,-0.00021804376675685062,-0.0003129339074264438,32.95221917151941,21.870866548358798,0.011733078830244058,-0.0023100000000000065,1.7339300389467045,-3.234841058675264,40.862224436676684,17.595994914397618,18.751925100873603,14.954682779456054,17.595994914397618,0.0,32.86914378388871,0.3426160918108545,44.30034402065391,-89.98988877654205,0.07436973151103685,0.07120400000000006,0.06803826848896327,0.07294359085831931,0.07257081185040791,0.07182687999999998,0.0754925346363891,0.07200833333333337,0.07311,0.07207787096774185,0.07200833333333337,0,0,0,0,0.0694475,0.8312624478617496,0.7090573251258003,0.0015828657555183921,0.07139450549450552,2.5054639999928102e-06,0.003831933487637859,5.545489851863762,0.003369999999999998,-55986.580303745686,-11524.716382142688,-205837.72000000003
2017-10-02 00:00:00+00:00,0.06866,0.0693,0.0665,0.0691,39731.45,2695.6,25.053310826934243,205.5731774721016,-0.0019235862149296439,-0.0075510822016942375,-0.43166351630572153,-0.9430670562108567,1,13.633672338741674,16.46327614279652,0.001014294871794899,100.0,42.85714285714286,-57.142857142857146,-0.15714285714285586,-173.00250428364293,-20.122166839251207,21.605146009930383,-0.0007610437053787583,-0.00032664375448123215,-0.00043439995089752616,29.303583655900933,23.766928831982632,0.012505001770940912,-0.004299999999999998,1.4165825114773745,-5.8936403508771935,39.938916580374396,19.98729926222367,18.443500554074117,29.999999999999943,19.98729926222367,0.0,26.892935823181674,0.3201463580863262,48.97642723253605,-81.21739130434786,0.07299461682802155,0.07024800000000006,0.06750138317197857,0.07243119780885056,0.0723185014084461,0.07172371999999999,0.07526539679880463,0.07175033333333336,0.07289,0.0718618494623655,0.07175033333333336,0,0,0,0,0.06828000000000001,0.7236957017195368,0.7209541478941975,0.0013733084140107464,0.07018197802197804,1.8859759999927117e-06,0.003758223952806583,5.473673103417686,0.002799999999999997,-34418.078875174324,-6981.9987461410055,-245569.17000000004
2017-10-03 00:00:00+00:00,0.06802,0.06902,0.06681,0.06866,36237.36,2467.5,25.298241160387118,224.409268694229,-0.0035688025456891903,-0.005247211284572675,-0.699778911054441,-0.9999468502940506,1,14.203063315255154,16.129033759059105,0.000869487179487205,92.85714285714286,35.714285714285715,-57.142857142857146,-0.2895927601809958,-140.9227128465422,-22.85275940674182,21.60514600993038,-0.0009836761377355618,-0.00045805023113209805,-0.0005256259066034638,27.73249626055776,22.738378028877236,0.011611787358730847,-0.007540000000000005,1.2166811979520222,-9.97882477501324,38.57362029662909,22.435874651975507,20.006389609532278,22.352941176470495,22.435874651975507,0.0,22.00331112805773,0.2975430949494706,49.547221218966314,-86.78260869565223,0.07139845307487705,0.06935000000000005,0.06730154692512305,0.07188717351557418,0.07204117873693346,0.07161608,0.0750187029297166,0.07148633333333336,0.07257,0.07162118279569883,0.07148633333333336,0,0,0,0,0.0679675,0.835731238556493,0.6949919712427628,0.0010242265374385022,0.06883274725274727,1.0490399999932634e-06,0.003647636527606113,5.362594130558826,0.0022100000000000036,-30974.709825400543,-3393.269675017662,-281806.53
2017-10-04 00:00:00+00:00,0.06925,0.07063,0.06748,0.06802,33920.77,2344.26,25.343780263815223,241.33310435298057,-0.004378547804966214,-0.002433214203435857,-0.8774234807927891,-0.9596429681796662,1,14.008819638268767,15.517155781582073,0.0005987820512820818,85.71428571428572,28.571428571428573,-57.142857142857146,0.3904761904761933,-86.3976720252667,-14.734996618904967,11.483651837445738,-0.0010487736145081555,-0.0005761949078073095,-0.00047257870670084604,30.068883653089056,21.32198653442047,0.010782373975964358,-0.007869999999999988,0.8383322743117692,-10.204875518672186,42.63250169054752,30.93137254901958,24.4515154877396,40.441176470588275,30.93137254901958,14.30544842677615,20.60369972782472,0.27551206122162775,49.449609480571375,-76.0869565217391,0.07036573291121519,0.06901800000000005,0.06767026708878492,0.07154857505073782,0.07186110268938936,0.07153651999999999,0.07497920856668328,0.07145066666666669,0.07257,0.07147690322580635,0.07145066666666669,0,0,0,0,0.0691525,0.6468741529708621,0.821309247787899,0.0006738664556075661,0.06812604395604406,4.540959999931038e-07,0.003612091061348534,5.216015973066474,0.00315,-26774.995444448,-280.4014178897887,-247885.76000000004
2017-10-05 00:00:00+00:00,0.06851,0.07022,0.06767,0.06925,27389.43,1887.84,25.021957412726557,257.275192078567,-0.004592561794832007,-0.0002634363445321966,-0.9754392635166376,-0.8454931178152574,1,13.828450509638548,14.948983373924833,7.435897435899286e-05,78.57142857142857,21.42857142857143,-57.142857142857146,-0.29019607843137313,-81.1731681347393,-18.235476938591052,11.483651837445732,-0.0011468554140934145,-0.0006903270090645305,-0.000456528405028884,29.956912980183354,20.22374055288508,0.010012204406252619,-0.006659999999999999,0.10419922892573195,-8.859917520287352,40.882261530704476,34.38518781006377,29.250811670352963,40.3614457831325,34.38518781006377,5.689420717540971,17.892012635045855,0.25385823385206674,48.469463987617296,-82.5217391304348,0.06958539614768963,0.06870800000000005,0.06783060385231046,0.07115028617547214,0.07164490251588038,0.0714702,0.07488360529132004,0.07134133333333334,0.07257,0.07128718279569883,0.07134133333333334,0,0,0,0,0.0687275,0.6558308579430318,0.831309243393133,0.00043869807384479075,0.06700340659340653,1.9245599999512947e-07,0.003536227414109354,5.161622265522338,0.0025500000000000106,-36119.62450327144,-1954.7553388822344,-275275.19000000006
2017-10-06 00:00:00+00:00,0.07099,0.07106,0.06798,0.06851,31077.33,2140.15,24.347409066220514,278.4351203263071,-0.004400766713099958,0.0017060542809079339,-0.9891826032891076,-0.5957326637103412,1,13.279144600107385,14.429155184417198,-0.0004695512820512421,71.42857142857143,14.285714285714286,-57.142857142857146,0.8051948051948041,-42.75883107677663,-2.9772900528969752,6.138167776202264,-0.001012795793664853,-0.000754820765984595,-0.00025797502768025796,30.79832125944883,18.953854591519022,0.009297046948663146,-0.003500000000000003,-0.6576773618921878,-4.6986172640623,48.51135497355151,59.75584484480752,41.6908017346303,98.46491228070174,59.75584484480752,34.48239362856429,20.908445542958297,0.23366757266047866,52.50347628019425,-60.95652173913047,0.07114546012342385,0.06908600000000005,0.06702653987657625,0.07110041927765702,0.07160265074066229,0.07145416666666665,0.07484841662717541,0.07128033333333335,0.07257,0.07126451612903215,0.07128033333333335,0,0,0,0,0.070255,0.585284529035661,0.8302300628930871,0.001029730061711902,0.06695747252747257,1.0603439999931977e-06,0.0035036397416729715,4.935398988129274,0.0030799999999999994,-6454.900412362364,6976.762571353953,-244197.86000000004
2017-10-07 00:00:00+00:00,0.07036,0.07224,0.06973,0.07099,28230.68,2001.66,23.462270431944205,301.1924372257083,-0.0037550209588095547,0.0029047886742271955,-0.8554326298456176,-0.23866164067249915,1,12.404930265729048,14.09347353632551,-0.0008599999999999719,64.28571428571429,7.142857142857143,-57.142857142857146,-0.2509960159362518,-17.13217226154458,-6.2858120073868315,1.0401439188106627,-0.000946477905367088,-0.0007931521938610936,-0.00015332571150599437,31.374470965321294,17.963908037087727,0.00863297216661578,-0.0030799999999999994,-1.2047348882818134,-4.19389978213508,46.85709399630658,68.06796343073181,54.06966536186771,65.37753222836112,68.06796343073181,26.840375822349625,21.986978321029447,0.21460703239613022,52.67165525223181,-66.43478260869563,0.07164686829865498,0.06942600000000006,0.06720513170134514,0.07097765160005749,0.07152247972513569,0.07147973717391301,0.07481555846008149,0.07123900000000001,0.07257,0.07120513978494612,0.07123900000000001,0,0,0,0,0.0706725,0.422808270681739,0.8723608584022112,0.001110434149327458,0.06725362637362634,1.2330639999925952e-06,0.0034326654744106164,4.878717274602922,0.0025099999999999983,-20514.0039980196,5522.96306907291,-272428.54000000004
2017-10-08 00:00:00+00:00,0.06705,0.07062,0.06655,0.07036,35359.4,2433.49,22.520333491867277,-43.20123982257746,-0.002909108053593846,0.004479000992675771,-0.6845628799104281,0.03138913076219211,1,12.628734585198481,14.132353634356946,-0.0013434615384615017,57.142857142857146,0.0,-57.142857142857146,-0.8132678132678143,-92.03772037720334,-21.442970759827464,15.538190738301093,-0.0011477789569244862,-0.0008640775464737721,-0.000283701410450714,25.1470920032002,22.99293870921443,0.011196331297571797,-0.0054600000000000065,-1.8856007687075065,-7.529995862639649,39.27851462008628,57.54326357683468,61.789023950791346,8.787346221441132,57.54326357683468,0.0,17.989345899024094,0.19536877861776603,48.5858763440313,-94.90740740740745,0.07200986680745708,0.06923200000000006,0.06645413319254304,0.0704543235841767,0.07123393264609468,0.07146085202898549,0.07471109755540657,0.07113233333333334,0.07111,0.07093488172042998,0.07113233333333334,0,0,0,0,0.0678175,1.2497344803146189,0.9050778414940147,0.0013889334037285076,0.06704978021978021,1.929135999992858e-06,0.0034781893690955727,5.187456180604881,0.004070000000000004,-47185.59073020634,-4060.2746029262926,-307787.94000000006
2017-10-09 00:00:00+00:00,0.06215,0.06746,0.05852,0.06705,45388.58,2887.43,21.65111454746209,-20.764056373469316,-0.0011010920197199437,0.004646276860406092,-0.3545204440526474,0.41049515767552974,1,14.697898308747087,14.884485437028957,-0.0019258333333333072,100.0,0.0,-100.0,-0.5480984340044742,-230.87865785302833,-37.5465276587187,41.59702671487894,-0.0016832965448179,-0.0010279213461425977,-0.0006553751986753023,24.97536575260312,34.024736358133424,0.018426593347745233,-0.008760000000000004,-2.716650209244334,-12.353687773233679,31.226736170640645,33.54086813244138,53.050698380002636,26.45772594752183,33.54086813244138,0.0,14.718555735565168,0.17429132920148138,45.174750851853965,-79.17383820998282,0.07411869992943723,0.06781200000000007,0.061505300070562895,0.06937031093517311,0.07064787247537889,0.07136379265480894,0.07431060455635087,0.07086566666666667,0.06831999999999999,0.07035537634408591,0.07086566666666667,0,0,0,0,0.06257,2.225836108896903,0.8945153039904977,0.0031533499647185856,0.0654350549450549,9.943615999990704e-06,0.0038683186998744604,6.224165245172101,0.008940000000000003,-55714.98831409903,-10325.47337244398,-353176.5200000001
2017-10-10 00:00:00+00:00,0.06304,0.0665,0.05996,0.06215,43291.77,2684.98,20.964096522603487,-6.468245487432171,1.7189391059122284e-05,0.002882162379528154,-0.11265253822490207,0.622948278725579,1,16.61926462347079,15.329905091745454,-0.002494615384615345,92.85714285714286,0.0,-92.85714285714286,0.13608562691131518,-179.60892685173508,-32.24390133492649,41.59702671487893,-0.0020126815889529998,-0.001224873394704678,-0.0007878081942483217,32.38091508709209,30.10903959857164,0.017110408108620575,-0.0070199999999999985,-3.529968814799039,-10.019982871824151,33.878049332536754,22.72989286098573,37.938008190087274,32.94460641399415,22.72989286098573,8.993153502485944,13.677573511368946,0.15227116740614832,45.196711581914755,-72.11597779148677,0.07398538907723888,0.06671800000000006,0.05945061092276123,0.06850273977851057,0.07015704199309639,0.07106987380011291,0.0740091404317758,0.07062933333333335,0.067795,0.06985049462365579,0.07062933333333335,0,0,0,0,0.063135,2.0938731833700017,0.9133879459799236,0.0036336945386194128,0.0643842857142857,1.3203735999992548e-05,0.004059153078454857,6.4390118630311814,0.006540000000000004,-58230.41225905319,-12750.191999509909,-309884.75000000006
2017-10-11 00:00:00+00:00,0.06306,0.06412,0.06165,0.06304,30329.17,1910.04,20.50243806275269,-2.790339906680231,0.000998688075266823,0.0008637507645308027,-0.048681369953389765,0.6718454797519966,1,18.403390487142804,15.780419022330983,-0.002900705128205089,85.71428571428572,0.0,-85.71428571428572,0.008097165991905336,-149.87001275889477,-32.12063720224292,41.59702671487893,-0.0022462148105522606,-0.0014291416778741946,-0.000817073132678066,33.580867491886146,28.76272012781987,0.01588823610086196,-0.00603999999999999,-4.11905958258686,-8.740955137481897,33.93968139887854,30.83090379008748,29.03388826117154,33.09037900874638,30.83090379008748,10.04435589595093,13.016988490383852,0.12971814846405305,44.853081026879735,-70.09222661396572,0.07136563008206066,0.06513200000000005,0.058898369917939446,0.06772326183692134,0.06969916831612243,0.07065904423113119,0.07368731674672402,0.07037700000000001,0.06733,0.06936215053763428,0.07037700000000001,0,0,0,0,0.0629725,1.6626089746909765,0.9152640974549802,0.003116815041030303,0.06353208791208795,9.71453599999273e-06,0.003945642144279509,6.256965024230113,0.002469999999999993,-53932.756591036865,-11215.578088985327,-279555.5800000001
2017-10-12 00:00:00+00:00,0.05576,0.0635,0.05575,0.06306,38516.56,2289.41,20.291677051899825,1.8970131443086302,0.0012085346045506735,-0.004196602966987742,0.03310307653790174,0.730126656248336,1,20.980574087757514,17.0672882103445,-0.0036092948717948437,100.0,0.0,-100.0,-0.9419354838709688,-190.55886785035676,-50.32196368473109,54.48396089574875,-0.002985920727069602,-0.0017404974877132762,-0.0012454232393563258,35.07269818999204,34.979998317779845,0.020653362093657538,-0.012900000000000002,-5.1606723859803125,-18.788231867171568,24.83901815763445,22.034078306123124,25.19829165239879,0.0672494956287567,22.034078306123124,0.0,10.650263310314061,0.10418140900261275,37.647740240036775,-99.94301994301996,0.06950271080210765,0.06221200000000006,0.054921289197892464,0.06611015674199498,0.0687998671344371,0.07001437532467532,0.07262355752930823,0.06988233333333335,0.063375,0.06841911827956977,0.06988233333333335,0,0,0,0,0.057692499999999994,0.7889457052305033,0.9341160466137047,0.003645355401053797,0.06077285714285723,1.328861599999209e-05,0.004217381991116687,7.563454073021318,0.00775,-92349.91901684336,-21791.826071165036,-318072.1400000001
2017-10-13 00:00:00+00:00,0.06002,0.0625,0.05108,0.05576,57876.44,3323.55,20.368223949861047,-0.9343004599134019,-0.0015991972266729204,-0.009008668253464058,-0.016305896567139024,0.6954827613257633,1,23.88837001703443,18.38032944746662,-0.0039878846153846015,100.0,7.142857142857143,-92.85714285714286,0.37302977232924694,-148.50102104580165,-28.643668671992938,61.68971709763432,-0.0031916057530923664,-0.002030719140789094,-0.0011608866123032722,34.536576750201064,35.99935728265135,0.02384812194411057,-0.008,-5.732982411518475,-11.761246692149363,35.67816566400353,29.245461027709922,27.37014770797352,54.57875457875454,29.245461027709922,33.52282926887218,14.808911666415538,0.07811423554253683,43.646573113923495,-59.76597659765979,0.06631653681595268,0.06080600000000006,0.055295463184047454,0.06518734507518849,0.06823342409350568,0.06927507380952382,0.07214972120159828,0.06950066666666668,0.063375,0.06778283870967729,0.06950066666666668,0,0,0,0,0.058405,0.36192174305479113,0.9401901655095593,0.002755268407976305,0.05950164835164834,7.591503999992283e-06,0.004731854706036923,7.8837965778689165,0.01142,-59610.70689775406,-13720.375837695137,-260195.70000000007
2017-10-14 00:00:00+00:00,0.05868,0.0621,0.05743,0.06002,26605.64,1599.81,20.746629192098077,-3.7593941484578863,-0.005581317437621161,-0.008406648605038614,-0.06556673612290015,0.6592225354697674,1,26.58846623707728,19.80447414670991,-0.004264935897435873,92.85714285714286,0.0,-92.85714285714286,-0.286937901498928,-99.61373629431716,-31.967208266489887,61.689717097634336,-0.0034232780013655623,-0.0023092309129043877,-0.0011140470884611745,32.55090985464626,33.45921591765489,0.02214468466238839,-0.010570000000000003,-6.180549749649292,-15.263537906137191,34.01639586675506,34.64421493357094,28.641251422468013,49.286640726329445,34.64421493357094,25.85396003538793,16.81710227895597,0.0513889524474509,43.27149998001603,-64.08317580340263,0.06564465795074727,0.06011200000000007,0.05457934204925287,0.0641909309314996,0.06761707415198918,0.06862200714285714,0.07170592987104024,0.06916433333333334,0.063375,0.06708473118279558,0.06916433333333334,0,0,0,0,0.0592225,0.09757146379352537,0.9441662009875553,0.002766328975373599,0.05805714285714289,7.652575999991546e-06,0.004727436512748572,8.056299442311813,0.0046700000000000005,-71973.4989320153,-13104.727676931929,-286801.3400000001
2017-10-15 00:00:00+00:00,0.05928,0.061,0.05741,0.05868,28035.98,1655.84,21.619642800451583,-4.5230388411410445,-0.007253504935519119,-0.0012684021137550972,-0.07885995345656924,0.6491422338327659,1,29.097848466595064,21.365760402668368,-0.004483653846153818,85.71428571428572,42.85714285714286,-42.85714285714286,0.16713091922005488,-87.03286807744249,-29.068400559618556,61.719817450326275,-0.0035179126346124717,-0.0025509672572460044,-0.0009669453773664674,33.53286296019999,31.64331086560756,0.02058292147221779,-0.009230000000000002,-6.545847605143429,-13.472485768500952,35.465799720190724,55.58294362930206,39.824206530194324,62.883435582822095,55.58294362930206,30.491284732022592,19.30331727042263,0.024651198641167937,45.46355895658745,-61.247637051039696,0.06405505271535565,0.059360000000000065,0.05466494728464449,0.06337092258751591,0.06707919840024795,0.06807556818181819,0.0712877123210597,0.06882333333333333,0.063375,0.06644703225806439,0.06882333333333333,0,0,0,0,0.059242500000000003,-0.03795131508870446,0.9469641083152671,0.0023475263576777897,0.05699043956043956,5.51087999999195e-06,0.004646191047552245,7.837704196275717,0.003589999999999996,-70802.07915485655,-11288.808256893564,-258765.36000000007
2017-10-16 00:00:00+00:00,0.05829,0.06217,0.05772,0.05928,32542.93,1955.04,22.711220607591816,-4.037355696748932,-0.005400453251531319,-6.19019800217157e-05,-0.07040685058445498,0.6555668341086711,1,30.883173004693756,22.543118159974455,-0.004818141025641015,78.57142857142857,35.714285714285715,-42.85714285714286,-0.22247191011235892,-73.71777555311901,-31.733005262953245,54.092391999976776,-0.0036309407645396807,-0.00276696195870474,-0.0008639788058349409,40.48678899740507,29.471966482410387,0.019112712795630805,-0.012699999999999996,-7.094128417853525,-17.889843639949287,34.13349736852338,56.74053536660395,48.98923130982567,58.05152979066023,56.74053536660395,24.638891091398843,20.273421601509217,-0.0021737724523296365,42.70922839077546,-65.92627599243855,0.06129857255742466,0.05840600000000007,0.05551342744257548,0.06251265962431053,0.06651215334216744,0.06762311218708829,0.07085913849821016,0.06848900000000001,0.063375,0.06576746236559126,0.06848900000000001,0,0,0,0,0.0591175,1.4258096904397224,0.9502305492209958,0.001446286278712296,0.05588725274725275,2.0917439999914612e-06,0.004632177401298514,7.946778866526873,0.0044500000000000026,-95008.16866047452,-17221.614404402353,-291308.2900000001
2017-10-17 00:00:00+00:00,0.05661,0.06035,0.05584,0.05829,24700.44,1422.55,22.918222764798607,-3.4520645235174925,-0.007120868927938016,-7.200219722308401e-05,-0.060213446860719985,0.663246416483788,1,32.788405994089985,23.398612816179376,-0.005240576923076903,71.42857142857143,28.571428571428573,-42.85714285714286,-0.37250554323725077,-90.51391914211167,-36.11857860766835,57.556434856240955,-0.0038121344188753598,-0.0029759964507388636,-0.0008361379681364961,41.867112113846424,30.322930062080943,0.019627519024514317,-0.013750000000000005,-7.781331201279206,-19.54235361000569,31.94071069616583,56.45292774562665,56.25880224717758,48.42381786339755,56.45292774562665,14.823739725014383,19.28257035123743,-0.02940526429188184,39.81716675174145,-73.86578449905481,0.06086309772418365,0.05857600000000007,0.056288902275816496,0.06153421031051973,0.06587330473944696,0.06701861923583663,0.07017820882939399,0.06804766666666667,0.063375,0.06500107526881707,0.06804766666666667,0,0,0,0,0.0573525,1.2924068957880217,0.9539641768992007,0.0011435488620917865,0.05453340659340652,1.3077039999914199e-06,0.004623450444062906,8.167197392797926,0.00451,-111274.31207510867,-23258.66124173024,-316008.7300000001
2017-10-18 00:00:00+00:00,0.05616,0.05734,0.0554,0.05661,27464.77,1548.28,22.548601682918157,-2.691756325597339,-0.005998366869101796,0.007297813842610314,-0.04696273068573856,0.6731189241185107,1,34.61413311158916,24.221291810613856,-0.005830256410256397,64.28571428571429,21.42857142857143,-42.85714285714286,-0.23195876288659692,-98.7260782633535,-37.28083981804416,58.34858563907844,-0.003946549567783654,-0.0031701070741478217,-0.0007764424936358323,35.096863858743475,30.0839661038968,0.018665553379906153,-0.010889999999999997,-8.740762096967934,-16.24161073825503,31.35958009097792,39.23378156661605,50.80908155961557,11.225997045790299,39.23378156661605,12.202036352254149,17.995200533240467,-0.05682869821893588,38.810961181090775,-75.99243856332703,0.06022234985061334,0.05780400000000008,0.05538565014938682,0.06060125223128962,0.06524663991754716,0.06629965019762844,0.06913387899519842,0.067483,0.063375,0.06423412903225792,0.067483,0,0,0,0,0.056265,0.812565081759383,0.9555623624198256,0.0012091749253066303,0.05364340659340658,1.4621039999902948e-06,0.004431775412344127,7.891337984943246,0.0019400000000000042,-117220.29320912923,-25505.84155948636,-343473.5000000001
2017-10-19 00:00:00+00:00,0.05389,0.05653,0.0532,0.05616,25956.98,1418.44,21.894821432124683,-2.7467297805541193,-0.0026750516586845244,0.0053096082211291536,-0.04792111807623704,0.6724090551008115,1,36.581134961111516,24.93013978060945,-0.006369294871794849,57.142857142857146,14.285714285714286,-42.85714285714286,-0.6816816816816821,-111.41203361123462,-42.922325263042474,62.152159004902174,-0.004187968279118819,-0.003373679315142021,-0.0008142889639767975,35.659726264865874,32.05006942793778,0.019532299567055714,-0.008259999999999997,-9.669718592221454,-13.290426387771515,28.53883736847876,22.447374200498547,39.37802783758043,7.692307692307723,22.447374200498547,0.0,14.723345890833109,-0.08495692688248457,42.49503990132734,-86.72022684310018,0.060563388330530016,0.05684600000000008,0.05312861166947014,0.059482851863383604,0.0645139534712538,0.06531379446640315,0.06788558819938369,0.06686166666666667,0.062439999999999996,0.06335716129032244,0.06686166666666667,0,0,0,0,0.054377499999999995,0.25119983242874433,0.9577426189752803,0.0018586941652649705,0.052406263736263684,3.4547439999900453e-06,0.004353077168605261,8.077708607543627,0.0033299999999999996,-132420.3265424625,-28942.803971948437,-369430.4800000001
2017-10-20 00:00:00+00:00,0.05051,0.0545,0.04955,0.05389,32845.0,1728.13,21.400377020583896,-1.070259340759435,-0.002306322962447651,0.003025477712483198,-0.018678463070046572,0.6937757530584574,1,38.786855667803586,25.595892966766318,-0.006724166666666635,100.0,7.142857142857143,-92.85714285714286,-0.6828282828282827,-148.83269854704477,-50.11714715180639,67.46122485480052,-0.004599017488522511,-0.003618746949818119,-0.000980270538704392,28.68977570155833,35.40320796594445,0.02178713531226602,-0.01253,-10.369599300896969,-19.87626903553299,24.941426424096797,8.841759265578398,23.507638344231015,7.6069730586371005,8.841759265578398,0.0,12.046373910681634,-0.11462447345510496,30.365630719073177,-95.76906126046715,0.06046688083588499,0.05509200000000007,0.049717119164115156,0.05805876641399493,0.06361047260214064,0.06412318332392244,0.06607425095784196,0.06610066666666667,0.060435,0.062302215053763293,0.06610066666666667,0,0,0,0,0.0512675,0.4747658668978417,0.9633045913305731,0.002687440417942456,0.05112142857142854,7.222335999990722e-06,0.004395714513704885,8.702661876271799,0.004950000000000003,-152525.4477545837,-34114.75407436253,-402275.4800000001
2017-10-21 00:00:00+00:00,0.04995,0.05122,0.04705,0.05051,29231.44,1429.88,21.212807393349685,0.8146869638806038,-0.0007931396582794668,0.0005261542971795099,0.014218490767868755,0.7170892925230565,1,41.05295739035056,26.840845987774518,-0.006770833333333302,100.0,0.0,-100.0,-0.13429256594724173,-173.99076888438617,-51.214386950671,70.51227978346118,-0.0049133264988698785,-0.003877662859628471,-0.0010356636392414077,22.165093848101,37.07278001821665,0.022730911361389872,-0.013110000000000004,-10.600130463144119,-20.789724072312087,24.392806524664508,12.367930676380128,14.552354714152374,21.80451127819549,12.367930676380128,0.0,9.856124108739518,-0.14542355016309294,34.680295027189615,-87.69622401357658,0.05896753822030352,0.05342400000000007,0.04788046177969662,0.05671115878798885,0.06272915178909931,0.06298782062864672,0.0644866304590261,0.06538533333333334,0.058499999999999996,0.06126023655913964,0.06538533333333334,0,0,0,0,0.0495425,-0.1072950632604867,0.9675093373896694,0.0027717691101517257,0.05024098901098901,7.68270399999129e-06,0.004379592048440251,8.76795204892943,0.00417,-141099.24938527914,-29493.601991992982,-431506.9200000001
2017-10-22 00:00:00+00:00,0.04897,0.0516,0.0489,0.04995,23776.78,1190.67,21.517639775758187,0.6244243634910163,-0.002163301002536559,-0.003788896628994259,0.010898045338987104,0.7147708710863628,1,42.97307959825724,28.835488953502164,-0.006961794871794852,92.85714285714286,0.0,-92.85714285714286,-0.36296296296296343,-140.04190468912233,-53.156276006379166,67.93466830104425,-0.005181764310408475,-0.004138483149784471,-0.0010432811606240038,27.56302148581648,35.39428558953376,0.021107274835576312,-0.006789999999999997,-11.069187005293827,-12.177187948350065,23.421861996810417,16.02345882170418,12.411049587887584,18.658892128279863,16.02345882170418,0.0,8.064101543514152,-0.17716737894226675,31.169103285837448,-90.59284664380206,0.05729430491913572,0.051896000000000074,0.046497695080864425,0.05538131211928639,0.06184146457689935,0.06206273593073593,0.0626261265061587,0.06458566666666668,0.056015,0.06020118279569878,0.06458566666666668,0,0,0,0,0.04961,0.9552174987738603,0.9688709710248352,0.0026991524595678246,0.0491714285714286,7.285423999991037e-06,0.004259621187837376,8.698430034383042,0.002700000000000001,-163643.15931120506,-32094.95639000069,-455283.70000000007
